PartcipantID:1
RandID:1
InitialTimeStamp:21-30-47-311
block;trial;answer;correct;timeSpent;itemsSelected;finalvalue;finalweight;ReverseButtons;instanceNumber;pay;xyCoordinates;
2;1;2;0;1;;0;0;1;2;0;(0,350)(151.8593,-315.3391)(-341.2248,-77.88232)(341.2248,-77.88232)(-151.8593,-315.3391)(-273.641,218.2214)(273.641,218.2214)
