PartcipantID:1
RandID:1
InitialTimeStamp:13-47-12-622
block;trial;answer;correct;timeSpent;itemsSelected;finalvalue;finalweight;ReverseButtons;instanceNumber;pay;xyCoordinates;
1;1;1;0;1.199822;;0;0;0;6;0;(4.286122E-14,-350)(-303.1089,175)(303.1089,-175)(0,350)(-303.1089,-175)(303.1089,175)
