PartcipantID:1
RandID:5
InitialTimeStamp:11-21-14-527
block;trial;answer;correct;timeSpent;itemsSelected;finalvalue;finalweight;ReverseButtons;instanceNumber;pay;xyCoordinates;RandomNumber;SubmittedNumber
1;1;1;1;5.003181;4,0,2,5;84;82;0;13;1.5;(303.1089,-175)(-303.1089,175)(303.1089,175)(-303.1089,-175)(4.286122E-14,-350)(0,350);2969;2969
