decision:1
size:0
numberOfTrials:12
numberOfBlocks:6
numberOfInstances:36
numberOfSaccadeTrials:60
numberOfSaccadeBlocks:4
cost_digits:[5,547039,635829,289103,367509,968572,5,6,276315,7,2,590421,3,367528,861904,8,7,934510,8,6,537812,6,843579,9,174835,629834,9,482601,6,3,9,2,3,350628,534986,632781,709483,502816,145630,1,8,841923,8,958672,806134,780235,926830,1,945283,4,8,7,723168,659410,538692,324618,836045,1,2,895342,8,250789,6,8,9,480597,3,1,8,2,6,194876]
instanceRandomization:[35,28,6,23,3,14,9,31,18,20,26,10,24,4,22,15,33,11,27,2,17,29,16,32,19,36,34,12,1,8,30,21,7,5,13,25,1,26,8,23,28,27,6,15,21,35,7,17,32,14,36,11,20,31,29,33,2,12,18,9,22,30,3,4,25,34,5,16,10,13,19,24]
ITI:[6,5,7,5,6,6,5,7,6,7,7,5,5,7,5,6,6,7,6,5,5,7,7,6,6,5,7,7,7,5,6,5,6,7,6,5,5,7,6,6,7,5,7,6,7,5,6,5,7,5,6,6,5,7,5,7,5,6,7,6,7,7,6,5,5,6,5,6,5,6,7,7]
SaccadeITI:[0.660484244705488,0.687062785386418,1.17806447123488,1.31485718757225,0.982782236890247,0.784409219523271,1.04117757443649,1.29475222819795,0.732140323504185,1.14796882926797,0.772761889857551,0.635758272263532,0.981907173184057,1.20657127479402,1.02282673435596,1.27533601306689,0.636641225436082,1.35821928631825,1.24758858083126,0.868134059601774,0.662542845246693,0.946053997039174,0.950070122613882,1.02145925549169,1.03145335464117,0.926990666783725,1.24960581714598,0.635979378254463,0.937546530164157,0.870829642641669,1.23726200511058,0.972649195122843,0.555785104058062,1.33926884679434,0.452020941659187,1.18296129618151,0.849818888710191,1.08790721919698,1.41236257635367,1.40259465401371,1.39447095606787,0.707995467710619,0.590949187412237,0.798707215239604,0.977357830743616,1.41802919226078,0.516828201136862,0.530257000479226,1.37098080677291,1.07023304503722,0.903070423410585,1.23817429447857,0.830251570449521,1.40427559580033,1.41414003203002,0.700819489903127,0.951143526130666,1.4208533322749,1.32166496606854,0.885191918940594]
SaccadeRandomization:[0,1,2,3,1,0,1,1,2,2,2,0,2,2,1,0,0,0,0,2,3,2,3,1,1,0,3,1,3,1,0,3,2,2,3,2,0,3,0,3,0,0,1,0,1,3,1,2,1,0,2,3,1,2,2,1,3,3,3,3,2,0,0,3,1,0,3,2,1,2,0,3,0,3,2,1,1,0,2,3,0,0,1,3,0,2,2,1,1,1,2,2,3,3,3,0,0,3,0,3,2,3,1,2,3,1,0,3,0,2,2,0,1,3,1,2,1,1,1,2,2,0,2,2,3,1,0,1,1,0,1,0,0,1,0,0,1,3,3,3,3,3,1,2,1,2,3,3,2,1,2,1,2,3,2,0,0,1,2,3,2,2,3,0,3,0,1,0,2,2,0,0,1,3,0,2,3,1,1,3,2,0,2,3,0,3,3,2,0,0,1,2,1,2,1,3,2,1,1,1,2,1,0,0,3,3,1,0,0,2,1,0,0,3,3,1,0,3,1,3,0,2,0,2,2,0,1,2,3,3,1,1,3,2,0,3,2,2,3,1]
cost:1
reward:0
reward_amount:[0.5,0.5,0.5,0.5,0.5,0.5,0.5,0.5,0.5,0.5,0.5,0.5,0.5,0.5,0.5,0.5,0.5,0.5,0.5,0.5,0.5,0.5,0.5,0.5,0.5,0.5,0.5,0.5,0.5,0.5,0.5,0.5,0.5,0.5,0.5,0.5,0.5,0.5,0.5,0.5,0.5,0.5,0.5,0.5,0.5,0.5,0.5,0.5,0.5,0.5,0.5,0.5,0.5,0.5,0.5,0.5,0.5,0.5,0.5,0.5,0.5,0.5,0.5,0.5,0.5,0.5,0.5,0.5,0.5,0.5,0.5,0.5]
