decision:1
size:0
numberOfTrials:12
numberOfBlocks:6
numberOfInstances:36
numberOfSaccadeTrials:60
numberOfSaccadeBlocks:4
cost_digits:[843579,4,780235,659410,2,9,6,3,723168,958672,5,174835,629834,8,8,324618,709483,3,9,6,289103,537812,276315,6,350628,3,502816,482601,8,534986,9,480597,8,8,8,934510,861904,367509,968572,1,250789,9,945283,806134,841923,5,145630,7,3,1,7,836045,1,538692,6,8,1,632781,6,590421,194876,547039,2,7,367528,635829,2,926830,8,895342,2,6]
instanceRandomization:[16,14,35,31,21,25,2,8,20,15,9,19,36,27,22,33,1,7,30,29,23,17,18,3,5,24,26,12,4,13,32,34,6,28,10,11,22,3,14,23,30,34,32,21,27,35,8,20,5,17,11,2,16,29,1,15,12,25,19,10,24,28,13,33,4,6,26,7,36,9,18,31]
ITI:[7,5,7,6,6,6,6,7,5,5,5,7,5,7,6,7,5,6,6,7,7,6,5,5,6,7,5,7,6,7,5,7,6,5,6,5,6,6,6,6,7,5,7,7,7,5,5,5,7,7,6,5,7,6,5,6,6,5,7,5,5,5,7,6,7,7,6,5,5,7,6,6]
SaccadeITI:[0.962329658838765,1.00832324560809,0.934213221697913,0.721298350646005,1.31528046393845,1.17178007789965,0.512250827784495,0.899817882963301,1.11190473909567,0.841577460682796,1.44494803545143,0.502564832494439,1.01218523659821,1.07961502337906,0.860914983247252,1.20794804130758,0.551852886724131,1.09067793369371,1.33452818907875,0.926870492678912,1.02476089719761,1.03068884757425,1.24608211281787,1.44932989675629,1.11489051410075,0.931384994807498,0.719608642319993,0.979854681455375,1.01969331379126,0.807037532954322,0.720863320791007,1.24205476294349,1.28863466151136,0.816893696711243,1.26973302189338,0.798888221542196,1.09171096996482,0.893395449426801,0.998064646190808,0.915163346958191,0.802078170860962,0.580388102606715,1.36644243395034,0.874041857589812,0.545232519200848,1.32717197404321,0.804914141232924,1.08160923646841,1.14745525961819,0.842324291049348,1.22308940246779,0.894404659672485,0.753533174908565,0.616373673938991,1.16320626174177,1.29585358562957,1.33903212046328,1.43815372620787,0.895775609575988,1.15930468325581]
SaccadeRandomization:[1,1,3,0,2,3,3,1,0,3,0,0,3,0,2,1,0,2,3,2,3,0,2,2,2,2,0,3,1,1,1,1,3,0,0,3,2,2,1,3,3,2,2,2,0,1,1,1,0,1,1,0,0,1,3,2,3,2,0,3,1,3,1,1,3,3,2,0,1,1,0,1,2,0,2,1,1,2,3,3,1,3,0,3,0,3,0,2,3,1,2,0,2,2,1,2,0,1,3,0,3,2,3,0,0,3,0,0,1,1,2,3,2,2,0,3,2,0,1,2,1,1,2,0,3,3,0,1,2,3,1,2,0,3,1,0,2,0,3,0,3,1,2,2,1,2,3,0,3,2,3,2,3,3,2,0,2,3,0,1,1,0,2,1,0,1,0,2,1,3,1,0,1,3,0,2,0,1,2,3,0,3,3,3,2,1,3,0,1,1,2,3,1,0,2,0,2,1,2,1,1,0,1,2,1,3,3,1,3,0,3,0,1,1,3,0,2,3,0,2,3,2,0,1,2,1,0,2,1,0,2,3,3,2,3,0,2,0,2,0]
cost:1
reward:0
reward_amount:[0.5,0.5,0.5,0.5,0.5,0.5,0.5,0.5,0.5,0.5,0.5,0.5,0.5,0.5,0.5,0.5,0.5,0.5,0.5,0.5,0.5,0.5,0.5,0.5,0.5,0.5,0.5,0.5,0.5,0.5,0.5,0.5,0.5,0.5,0.5,0.5,0.5,0.5,0.5,0.5,0.5,0.5,0.5,0.5,0.5,0.5,0.5,0.5,0.5,0.5,0.5,0.5,0.5,0.5,0.5,0.5,0.5,0.5,0.5,0.5,0.5,0.5,0.5,0.5,0.5,0.5,0.5,0.5,0.5,0.5,0.5,0.5]
