decision:1
size:0
numberOfTrials:12
numberOfBlocks:6
numberOfInstances:36
numberOfSaccadeTrials:60
numberOfSaccadeBlocks:4
cost_digits:[537812,289103,9,6,7,8,2,6,9,841923,6,3,9,6,968572,590421,895342,350628,145630,2,8,806134,1,934510,6,861904,1,250789,780235,723168,8,367509,8,547039,276315,926830,8,4,2,324618,8,482601,958672,502816,6,367528,9,194876,629834,3,843579,534986,635829,3,2,836045,1,709483,7,945283,5,538692,3,174835,659410,8,5,1,8,7,480597,632781]
instanceRandomization:[17,23,32,2,33,6,26,19,34,27,31,24,25,1,14,10,9,5,8,13,4,21,16,11,29,22,12,30,35,20,36,3,15,28,18,7,28,14,18,33,10,12,15,26,3,4,30,24,36,5,16,13,6,7,21,2,17,1,20,32,35,29,8,19,31,22,9,23,27,11,34,25]
ITI:[7,6,6,6,5,7,5,7,6,7,5,5,6,5,6,5,6,6,5,7,7,7,7,5,6,5,6,6,7,5,7,5,5,6,7,7,5,5,6,7,5,7,6,7,5,6,6,7,6,7,6,7,5,5,5,6,7,6,7,5,5,5,6,7,7,5,7,6,6,6,7,5]
SaccadeITI:[0.991214298732424,1.34344833283297,1.03394253071941,0.849522239850679,0.807287228150138,1.40362912937611,1.38795699351079,1.29404689357228,0.870793294483641,0.473544352078655,1.12988478187084,0.947802679935315,0.622840943369859,1.18736739535428,1.41754182669877,1.3880403194072,1.0608962074349,0.920701190918529,1.38559393407389,0.625439093537473,0.464195804061213,1.27516822851806,0.683583308100545,0.683022824205303,1.01926103476047,0.556587715023973,1.25595235158301,0.9565993296875,0.811105293776685,0.746811478720823,1.40847821239925,0.686695501064726,1.15238076620347,1.39393008555829,0.537036351948821,1.0835355430337,1.40103226396798,1.01674204235508,0.503476520856687,1.25693868598513,0.599488873356798,0.947382430635237,0.908542883904496,1.13096772841721,0.897694958230325,1.41545095908999,0.871800905182802,0.61348128048315,1.38005776432886,1.15606365548059,1.40611630081742,1.2827461844737,1.27349311285264,0.584377196241015,1.14322168854609,0.670898550977775,0.631572875283503,0.561200057944128,1.40011184974185,1.09130373629353]
SaccadeRandomization:[0,1,3,3,0,0,0,0,1,0,2,2,1,1,2,0,0,2,2,2,1,2,2,2,1,0,3,1,1,1,3,3,3,1,0,0,3,1,2,3,0,0,3,3,0,1,2,2,2,1,3,3,3,1,2,3,1,3,0,2,0,3,3,3,2,0,0,1,3,1,1,2,0,0,1,1,2,1,2,3,0,1,3,3,2,3,1,0,3,2,2,2,3,2,2,3,0,1,0,1,2,0,1,1,2,2,1,3,3,0,0,0,2,2,1,3,3,0,0,1,3,2,2,0,3,2,3,0,0,1,0,2,0,1,2,1,1,0,1,2,3,3,1,2,2,1,1,1,2,0,3,2,0,1,2,3,2,2,3,2,0,3,1,3,0,1,0,0,3,0,0,3,1,2,1,3,3,3,0,1,1,3,1,3,1,3,3,0,3,3,2,2,0,0,2,1,1,3,0,1,2,1,1,1,3,1,0,1,2,1,2,2,0,0,3,3,2,0,3,0,3,1,3,2,1,2,2,0,0,1,2,3,0,2,0,2,0,0,2,3]
cost:1
reward:0
reward_amount:[0.5,0.5,0.5,0.5,0.5,0.5,0.5,0.5,0.5,0.5,0.5,0.5,0.5,0.5,0.5,0.5,0.5,0.5,0.5,0.5,0.5,0.5,0.5,0.5,0.5,0.5,0.5,0.5,0.5,0.5,0.5,0.5,0.5,0.5,0.5,0.5,0.5,0.5,0.5,0.5,0.5,0.5,0.5,0.5,0.5,0.5,0.5,0.5,0.5,0.5,0.5,0.5,0.5,0.5,0.5,0.5,0.5,0.5,0.5,0.5,0.5,0.5,0.5,0.5,0.5,0.5,0.5,0.5,0.5,0.5,0.5,0.5]
