decision:1
size:0
numberOfTrials:12
numberOfBlocks:6
numberOfInstances:36
numberOfSaccadeTrials:60
numberOfSaccadeBlocks:4
cost_digits:[723168,8,8,934510,709483,289103,926830,6,968572,2,276315,2,6,3,7,2,1,895342,9,958672,6,367528,836045,8,482601,194876,8,145630,629834,537812,9,841923,9,367509,9,5,538692,8,8,3,7,8,635829,780235,861904,1,534986,843579,6,806134,3,632781,547039,6,2,480597,5,945283,324618,1,3,6,1,350628,7,250789,4,502816,174835,590421,8,659410]
instanceRandomization:[20,28,6,11,1,23,7,29,14,21,18,26,31,5,33,13,16,9,32,15,19,4,2,22,12,24,10,8,36,17,30,27,34,3,25,35,29,15,4,8,11,36,6,35,22,23,13,16,2,21,24,25,28,1,18,34,9,32,33,17,7,3,12,5,20,30,14,26,19,10,27,31]
ITI:[6,7,6,5,5,5,7,7,7,6,6,5,6,7,6,5,6,7,5,5,6,5,7,7,5,7,6,5,7,5,5,7,6,6,6,7,6,7,7,6,6,5,7,5,7,5,6,5,6,7,7,6,5,6,7,5,7,5,6,5,7,6,7,5,7,6,5,7,6,6,5,5]
SaccadeITI:[1.07484096214175,1.23887650594115,1.36618760316633,0.955585499713197,1.08532197326422,1.28271273751743,1.44156103204004,1.13398741693236,1.31667474606074,0.593029700871557,0.479165996145457,1.4251090192236,0.611122881714255,1.11064573233016,1.29021583376452,1.03566431039944,0.553918982110918,0.950376346893609,1.3109181413427,1.32187934797257,0.876447197934613,1.23388349632733,1.31283830450848,1.05851574912667,0.977472227951512,0.888023123331368,1.1129368214868,0.713624206325039,1.39837515372783,1.17792963138781,0.823958636447787,0.900749656325206,0.835807764157653,0.729723036009818,0.750122848618776,0.692385391751304,1.37400530786254,0.878072295058519,0.867958059022203,0.573339511593804,1.46679049935192,0.504605765640736,0.882243182929233,0.846833081403747,0.863034834340215,0.591475256439298,0.714250392699614,1.08500641463324,1.34748012986965,0.816173765296117,1.23156255432405,0.568148628296331,1.3508699582424,0.719237453723326,1.03778188833967,0.925720957992598,0.76578000835143,1.29014803650789,0.843763781199232,1.39513022191823]
SaccadeRandomization:[0,3,1,1,3,2,0,3,2,3,3,0,1,1,2,1,3,3,3,2,1,2,3,0,2,0,0,3,3,2,2,1,0,1,0,1,0,2,0,3,1,3,3,2,3,2,0,1,0,2,0,1,1,0,1,2,0,2,1,2,1,1,0,3,3,1,0,2,0,0,3,3,2,0,0,2,2,1,2,2,1,3,3,0,3,2,2,2,0,0,3,3,2,0,3,1,1,1,1,0,2,0,1,1,2,1,1,0,1,3,2,2,2,0,0,3,3,3,1,3,0,2,3,3,0,0,3,3,1,3,3,0,2,2,3,2,2,2,1,0,3,3,1,1,1,1,0,2,1,1,3,3,2,1,2,3,3,0,1,2,1,1,1,0,0,0,0,0,2,2,2,0,1,1,3,0,2,3,2,0,3,2,3,2,3,0,3,1,2,2,0,1,3,1,3,1,2,1,2,2,3,0,2,0,3,0,0,2,1,0,1,2,3,1,1,0,1,3,3,1,3,2,0,0,2,3,1,0,0,3,1,2,0,1,3,0,0,2,2,1]
cost:1
reward:0
reward_amount:[0.5,0.5,0.5,0.5,0.5,0.5,0.5,0.5,0.5,0.5,0.5,0.5,0.5,0.5,0.5,0.5,0.5,0.5,0.5,0.5,0.5,0.5,0.5,0.5,0.5,0.5,0.5,0.5,0.5,0.5,0.5,0.5,0.5,0.5,0.5,0.5,0.5,0.5,0.5,0.5,0.5,0.5,0.5,0.5,0.5,0.5,0.5,0.5,0.5,0.5,0.5,0.5,0.5,0.5,0.5,0.5,0.5,0.5,0.5,0.5,0.5,0.5,0.5,0.5,0.5,0.5,0.5,0.5,0.5,0.5,0.5,0.5]
