decision:1
size:0
numberOfTrials:12
numberOfBlocks:6
numberOfInstances:36
numberOfSaccadeTrials:60
numberOfSaccadeBlocks:4
cost_digits:[9,780235,174835,836045,8,194876,7,537812,2,8,145630,9,534986,3,659410,8,350628,945283,324618,1,480597,635829,538692,723168,2,8,1,2,289103,547039,590421,6,4,8,6,5,7,482601,3,632781,7,9,843579,2,8,1,8,895342,8,367509,9,276315,3,1,629834,934510,806134,709483,841923,861904,968572,958672,367528,502816,3,5,926830,250789,6,6,6,6]
instanceRandomization:[25,35,19,2,27,24,11,17,18,15,8,30,13,7,31,36,5,32,33,16,34,6,29,20,26,22,12,21,23,28,10,1,14,4,3,9,20,12,24,25,33,32,16,13,28,23,10,9,6,3,34,18,8,17,36,11,21,1,27,22,14,15,4,26,5,35,7,30,19,31,2,29]
ITI:[6,6,6,7,5,7,6,7,5,7,5,5,5,7,6,5,6,7,7,7,5,6,6,5,7,6,6,6,5,6,5,5,5,7,7,7,7,6,6,5,7,6,7,7,6,5,5,5,6,6,7,7,5,7,7,6,5,5,5,6,5,6,5,5,7,6,7,7,5,6,6,7]
SaccadeITI:[0.97022259333559,0.504800366521037,0.691397681417099,1.37524237977729,0.929650511643073,1.31862189532646,0.571727769034138,0.688399929370886,1.47587884478659,0.514849250488138,0.663978229327282,1.05014944314413,0.961827618818885,0.941156030217341,1.35423827222936,1.30786835919522,1.1656091048421,1.16235157223806,0.834886667136258,1.40213041012563,1.48387852269613,1.35516075073198,1.41939186077022,0.648061015693626,1.14167145225607,0.949866631118736,0.535388250420025,1.28532992122152,0.672023792568749,0.561307047544202,1.23983660741166,1.06931775883228,0.682654698196954,0.542428570384315,0.60505450964362,1.24391406942547,0.558434236845157,1.403603532402,1.29519403614492,0.967611872175864,0.613628897633559,0.784189762365228,0.551815906822837,1.12707764800095,1.38534927070529,1.39667883124591,0.497646033348671,1.10163307055288,0.650941308638236,1.20558720762298,1.28015731419825,0.92263096110352,1.24779864568651,0.790189363112828,1.00277623376266,1.0678470677735,1.39928976637699,1.242178377513,1.4264343081081,0.761033959970033]
SaccadeRandomization:[2,2,0,3,1,0,0,3,0,1,1,0,3,1,2,2,0,2,0,2,1,0,3,2,1,0,3,3,0,3,0,3,0,3,1,1,2,3,0,1,1,1,3,3,0,3,1,1,3,2,3,2,2,1,0,2,2,1,2,2,3,1,3,2,1,2,3,1,0,2,3,1,2,2,3,1,0,0,2,0,1,0,2,3,2,0,1,1,1,2,3,1,2,2,0,2,3,3,0,3,2,1,0,0,0,3,3,3,2,3,1,1,1,0,0,3,0,0,1,2,0,3,3,0,2,3,2,2,2,0,1,0,3,3,1,3,3,3,0,1,3,3,2,0,2,3,0,1,1,2,1,2,3,0,2,1,1,0,1,1,1,0,0,0,1,2,0,3,0,2,0,1,3,2,2,1,1,2,3,2,3,2,2,1,2,3,3,2,2,2,3,0,3,1,0,0,0,2,1,0,1,3,3,0,1,1,1,2,1,0,2,0,3,0,1,0,3,1,0,2,3,0,1,0,1,2,1,0,2,2,3,0,3,3,1,2,3,1,3,2]
cost:1
reward:0
reward_amount:[0.5,0.5,0.5,0.5,0.5,0.5,0.5,0.5,0.5,0.5,0.5,0.5,0.5,0.5,0.5,0.5,0.5,0.5,0.5,0.5,0.5,0.5,0.5,0.5,0.5,0.5,0.5,0.5,0.5,0.5,0.5,0.5,0.5,0.5,0.5,0.5,0.5,0.5,0.5,0.5,0.5,0.5,0.5,0.5,0.5,0.5,0.5,0.5,0.5,0.5,0.5,0.5,0.5,0.5,0.5,0.5,0.5,0.5,0.5,0.5,0.5,0.5,0.5,0.5,0.5,0.5,0.5,0.5,0.5,0.5,0.5,0.5]
