decision:1
size:0
numberOfTrials:12
numberOfBlocks:6
numberOfInstances:36
numberOfSaccadeTrials:60
numberOfSaccadeBlocks:4
cost_digits:[8,324618,534986,1,8,945283,6,3,895342,7,276315,6,861904,780235,8,629834,8,6,9,635829,968572,9,3,806134,367509,3,8,482601,6,194876,659410,1,632781,2,934510,537812,7,5,3,8,2,926830,1,4,502816,5,145630,9,8,9,590421,547039,1,8,350628,538692,174835,6,958672,250789,289103,2,480597,723168,6,367528,709483,843579,7,836045,2,841923]
instanceRandomization:[15,33,13,16,10,32,1,5,9,20,18,19,22,35,4,36,27,2,34,6,14,30,8,21,3,7,28,12,29,24,31,23,25,26,11,17,33,35,24,6,18,7,17,14,26,9,8,32,22,25,10,28,12,36,5,29,19,3,15,30,23,21,34,20,31,4,1,16,11,2,13,27]
ITI:[6,7,7,6,5,6,6,7,7,5,5,5,6,7,5,7,5,5,5,7,7,6,6,6,5,7,7,5,7,6,7,6,6,5,6,5,7,6,5,5,7,7,7,6,5,6,5,6,7,7,7,5,6,6,5,7,6,5,6,5,6,7,7,6,6,5,5,5,5,6,7,7]
SaccadeITI:[0.654921636594615,0.805259013692072,1.35756054674663,1.44122947696984,0.695146055337197,0.710695040322995,0.94553490812347,1.36628089836255,0.760427646482519,1.22883886695296,0.953994497101909,1.30610844414138,1.19348395630174,0.776246243765733,0.92474864134953,1.20756442672961,1.40935014365629,0.763980532208613,1.19565505851448,1.28649482215211,1.17742675324359,1.13922534222171,1.21007786449433,1.19151685191706,0.833115803919888,1.30933148032442,1.06479411912539,1.45665172129326,0.499752153786055,0.571562275666899,1.3250982543958,1.04463861966894,0.827059928704208,0.952648869626379,0.900735182365558,1.22257571169563,0.485309070818281,1.03800980411858,0.747691746944717,0.706383114591396,1.26220817319506,0.952946068862608,0.560583916170678,0.530428209951303,0.641035788370452,0.616301753934628,0.473583224838755,1.06034622122922,1.28144410150514,1.00214982303247,1.24419475593992,1.14228453361817,0.844000693088553,0.815487431738681,1.22940346217171,0.839078258866599,1.2795860820023,1.36456319936939,0.90118428869561,1.27206448899039]
SaccadeRandomization:[0,1,1,3,3,1,3,0,1,2,1,0,1,2,2,0,1,2,1,0,1,0,3,0,1,3,3,2,3,1,0,2,3,0,3,2,1,2,3,0,3,3,2,3,3,2,2,0,0,2,0,2,1,1,2,3,0,1,0,2,2,2,1,0,2,0,0,0,2,3,1,1,3,2,0,1,1,1,1,1,1,3,0,2,1,0,0,2,0,2,0,1,3,0,2,0,3,1,2,0,1,3,3,2,3,3,3,1,0,3,3,2,2,2,2,0,3,1,3,3,3,0,1,2,3,0,1,1,2,0,3,2,1,0,1,3,1,0,1,1,2,3,2,2,2,1,0,2,0,3,1,0,0,3,0,3,2,2,1,0,1,0,0,3,2,3,0,1,1,3,3,1,2,2,0,2,3,3,3,2,2,3,3,1,0,0,2,1,2,2,0,3,2,2,0,0,0,3,3,2,1,2,0,1,0,1,1,0,3,3,2,3,1,2,3,1,3,0,3,2,2,1,0,2,0,2,1,1,1,0,3,2,1,0,3,1,0,3,3,1]
cost:1
reward:0
reward_amount:[0.5,0.5,0.5,0.5,0.5,0.5,0.5,0.5,0.5,0.5,0.5,0.5,0.5,0.5,0.5,0.5,0.5,0.5,0.5,0.5,0.5,0.5,0.5,0.5,0.5,0.5,0.5,0.5,0.5,0.5,0.5,0.5,0.5,0.5,0.5,0.5,0.5,0.5,0.5,0.5,0.5,0.5,0.5,0.5,0.5,0.5,0.5,0.5,0.5,0.5,0.5,0.5,0.5,0.5,0.5,0.5,0.5,0.5,0.5,0.5,0.5,0.5,0.5,0.5,0.5,0.5,0.5,0.5,0.5,0.5,0.5,0.5]
