decision:1
size:0
numberOfTrials:12
numberOfBlocks:6
numberOfInstances:36
numberOfSaccadeTrials:60
numberOfSaccadeBlocks:4
cost_digits:[934510,841923,709483,276315,945283,723168,2,537812,324618,632781,9,3,9,6,635829,968572,2,629834,8,836045,174835,958672,6,8,895342,8,8,1,3,843579,194876,5,2,1,3,6,3,780235,659410,145630,9,350628,547039,861904,482601,6,8,5,4,7,8,8,1,7,534986,480597,538692,7,250789,9,367509,2,6,502816,590421,289103,367528,8,926830,6,1,806134]
instanceRandomization:[11,27,1,18,32,20,13,17,33,25,30,8,34,3,6,14,26,36,10,2,19,15,29,22,9,28,4,23,5,16,24,35,21,12,7,31,24,35,31,8,25,5,28,22,12,1,15,9,14,20,27,36,17,33,13,34,29,11,30,32,3,18,2,26,10,23,4,6,7,19,16,21]
ITI:[6,5,5,6,6,7,5,7,6,7,7,5,7,5,5,7,6,5,5,6,7,7,6,6,7,7,7,6,5,6,7,5,5,6,5,6,5,6,6,7,6,7,7,6,5,5,7,5,5,6,5,6,6,7,5,7,7,5,7,6,6,5,7,6,7,7,5,7,6,5,5,6]
SaccadeITI:[1.51103948025266,1.16326569617959,0.725413341226522,0.633968493819702,1.33523496139096,0.686933613999281,1.50412291932153,0.60874442049535,0.979519832099322,0.945822840475012,1.47271101983497,0.891303791350219,0.633247244323138,1.09722481985809,1.44218156664865,0.741023573477287,1.13056995059596,0.664302384166513,1.12002028959105,0.895689397503156,0.821205499267671,1.36342762705171,1.09092432624893,1.13528399138013,1.51730234493734,0.905581823701505,1.51096702149371,1.45205666535767,1.12412649012404,0.811107093619648,0.65445024977671,1.31405002825195,1.14666907737264,1.11135166689055,1.47384766667383,0.961215624504257,0.772634810220916,1.37855637391331,0.594384378904942,0.726830321748275,1.48623379218625,0.941658718895633,0.649305675330106,0.621005018858705,0.926040014403407,0.833622526063118,1.11540839486988,1.31490739100846,0.735312567243818,1.14016437964747,0.659055162372533,1.5122053785366,1.45951673054369,0.582609518582467,0.621584807906766,0.657061816810165,0.566634931985755,0.559142607881222,0.645889822544996,0.924328026280273]
SaccadeRandomization:[2,0,3,3,1,0,2,0,0,0,2,1,3,1,0,0,2,1,2,2,1,1,0,1,3,2,1,0,0,3,3,3,1,3,2,3,3,0,0,1,3,3,2,2,3,2,3,2,1,3,1,1,2,2,0,0,1,1,0,2,1,0,3,0,0,2,1,3,1,1,0,1,1,1,1,2,3,1,0,0,0,1,2,0,3,1,3,1,2,3,0,3,3,2,3,2,3,0,0,2,2,3,2,0,0,1,2,1,3,1,2,2,2,2,3,3,2,0,3,0,3,2,3,0,2,3,0,1,0,3,2,2,1,3,0,3,1,0,3,0,3,0,3,1,0,0,3,0,1,1,2,0,3,2,0,1,2,2,1,0,1,3,3,1,1,1,2,2,2,1,0,1,3,0,2,2,2,1,2,3,3,0,1,2,2,3,3,2,1,0,2,3,1,0,3,0,0,2,0,1,1,1,0,0,3,0,3,2,2,1,3,0,3,3,1,1,3,2,2,2,1,2,1,0,2,3,1,0,1,2,1,2,3,3,2,0,0,3,0,1]
cost:1
reward:0
reward_amount:[0.5,0.5,0.5,0.5,0.5,0.5,0.5,0.5,0.5,0.5,0.5,0.5,0.5,0.5,0.5,0.5,0.5,0.5,0.5,0.5,0.5,0.5,0.5,0.5,0.5,0.5,0.5,0.5,0.5,0.5,0.5,0.5,0.5,0.5,0.5,0.5,0.5,0.5,0.5,0.5,0.5,0.5,0.5,0.5,0.5,0.5,0.5,0.5,0.5,0.5,0.5,0.5,0.5,0.5,0.5,0.5,0.5,0.5,0.5,0.5,0.5,0.5,0.5,0.5,0.5,0.5,0.5,0.5,0.5,0.5,0.5,0.5]
