decision:1
size:0
numberOfTrials:12
numberOfBlocks:6
numberOfInstances:36
numberOfSaccadeTrials:60
numberOfSaccadeBlocks:4
cost_digits:[276315,926830,806134,1,2,958672,709483,7,836045,3,5,3,480597,6,4,250789,1,6,8,7,861904,632781,3,6,8,635829,537812,590421,9,629834,895342,8,538692,534986,482601,7,8,8,780235,1,843579,367509,659410,502816,8,8,9,3,174835,2,9,145630,8,194876,945283,723168,6,968572,547039,6,934510,5,2,289103,9,367528,1,841923,324618,6,2,350628]
instanceRandomization:[18,7,21,16,26,15,1,20,2,24,35,5,34,31,14,30,23,3,4,33,22,25,8,19,27,6,17,10,32,36,9,28,29,13,12,11,15,22,35,17,16,3,31,26,36,6,30,7,19,21,25,8,10,24,32,20,2,14,28,1,11,9,13,23,34,4,12,27,33,29,18,5]
ITI:[5,6,5,6,6,7,7,7,7,5,5,6,7,7,6,7,6,5,6,5,5,7,5,6,6,5,6,5,5,6,7,6,7,5,7,7,5,7,7,5,6,7,5,6,7,6,5,6,7,5,6,6,5,5,7,5,7,6,7,6,6,7,5,5,6,7,5,7,6,7,5,6]
SaccadeITI:[1.02975796329168,0.579427932187294,0.705745435583716,1.15550428934706,0.996569648416092,0.600353870804732,0.663836080844824,0.979369458773484,1.21181466759493,0.689784323827674,1.30813753305313,0.748798885413756,0.691038762948786,1.11598079515,0.776091913490867,0.913924763708686,0.763133115864669,0.778286571179827,1.27313018779581,0.580510752539461,1.43788154309926,1.02849859491301,0.580507365319257,1.17114554837657,1.01902940849153,1.18187342959767,1.01525486310323,1.32477592563567,0.928282147304465,1.44758169193131,0.611572839117919,0.905147280342256,1.20025654419636,1.2429114946009,1.11559669327301,0.580682844653105,1.08540881474813,1.15029004615111,1.362071587968,1.50452864080047,0.777908743390193,0.709678794521218,0.85299766928268,1.25659934271437,0.593858788985138,1.46719291297098,0.788840978437414,1.52002434528743,0.658097713285436,0.969231040946518,1.00019763436479,1.32549140977984,0.849032719184955,0.997964469514166,0.829279798346882,1.57130738979516,1.54021740265501,0.977521474737053,0.872687743309264,0.987375373051812]
SaccadeRandomization:[2,3,2,1,3,1,3,0,2,0,0,2,1,2,1,3,3,0,1,0,3,2,3,1,2,3,1,1,3,2,1,2,0,2,1,2,0,2,3,0,1,0,1,2,0,1,1,3,3,2,3,0,0,1,0,2,0,3,3,0,2,2,2,2,0,1,2,1,2,2,1,2,1,0,0,3,1,1,3,3,1,1,0,2,1,1,0,3,3,1,3,1,3,2,3,0,3,3,2,1,3,0,0,2,2,0,2,3,0,2,3,3,1,0,1,0,0,0,3,0,3,3,2,1,2,2,2,1,3,3,0,1,1,1,0,2,3,3,0,0,0,1,3,0,1,1,3,1,3,0,1,2,0,2,0,0,2,2,2,1,0,0,3,3,2,3,3,2,3,1,0,0,2,0,2,2,1,1,1,3,0,2,1,3,0,1,3,0,1,0,2,2,1,0,2,1,1,3,0,3,2,1,1,2,1,1,3,0,3,3,3,3,0,1,1,1,2,0,0,2,3,3,2,1,3,2,3,2,0,0,2,0,1,0,2,0,2,3,2,3]
cost:1
reward:0
reward_amount:[0.5,0.5,0.5,0.5,0.5,0.5,0.5,0.5,0.5,0.5,0.5,0.5,0.5,0.5,0.5,0.5,0.5,0.5,0.5,0.5,0.5,0.5,0.5,0.5,0.5,0.5,0.5,0.5,0.5,0.5,0.5,0.5,0.5,0.5,0.5,0.5,0.5,0.5,0.5,0.5,0.5,0.5,0.5,0.5,0.5,0.5,0.5,0.5,0.5,0.5,0.5,0.5,0.5,0.5,0.5,0.5,0.5,0.5,0.5,0.5,0.5,0.5,0.5,0.5,0.5,0.5,0.5,0.5,0.5,0.5,0.5,0.5]
