decision:1
size:0
numberOfTrials:12
numberOfBlocks:6
numberOfInstances:36
numberOfSaccadeTrials:60
numberOfSaccadeBlocks:4
cost_digits:[659410,841923,945283,780235,3,2,367528,9,289103,194876,7,174835,6,8,367509,8,7,9,6,547039,502816,1,1,350628,7,590421,8,806134,145630,537812,5,2,8,632781,4,538692,843579,629834,3,926830,934510,8,6,2,723168,276315,5,324618,3,709483,635829,2,250789,836045,9,861904,8,968572,482601,8,8,895342,534986,3,9,6,480597,1,958672,6,1,6]
instanceRandomization:[31,27,32,35,7,18,4,34,23,24,20,19,1,15,3,22,11,30,2,28,26,12,16,5,33,10,36,21,8,17,9,13,6,25,14,29,16,36,5,7,11,27,19,21,20,18,35,33,24,1,6,26,30,2,25,22,10,14,12,28,4,9,13,8,32,3,34,17,15,31,23,29]
ITI:[7,7,6,7,5,6,5,7,6,6,5,5,6,7,7,6,5,6,5,5,7,6,7,5,5,7,6,5,6,5,5,6,7,7,6,7,5,6,7,5,6,6,6,5,7,7,7,5,6,7,7,6,5,6,6,7,5,5,7,5,5,5,6,6,7,6,5,6,5,7,7,7]
SaccadeITI:[1.34366115426722,0.968026442332969,1.3663692524385,0.913130571945415,1.41240720136169,1.4493056376193,1.17885020549487,0.838032957744629,1.03284407185468,0.876024853783504,1.25469404190856,1.37872272880826,0.893905349188329,0.681807437092842,1.32398151873689,1.25886824272651,1.4955689586893,0.952172478773476,0.667034482695938,0.657880666778268,1.00050353549498,0.52564560516815,0.558926071618528,1.29607722058039,1.11092131945382,0.656533511468054,0.535051518232406,0.911996569364176,1.49922052991654,0.585389942974628,0.742189604203061,0.663240935533152,0.658890479123996,1.07888305594291,1.13247298716645,0.833790033236922,0.924883601833911,1.25373831309456,0.626163872537048,0.838517190768228,0.603225970986144,1.10815246880132,1.31703185604032,1.07841143535528,0.537095543342487,1.22829998156133,0.604487444852324,1.11038658220399,1.07315407285544,1.40825782587829,1.25907158490348,0.862489522547306,0.506894379733906,0.897991962377758,1.41466650447886,1.17744563717473,1.14524030533697,0.672576754233645,1.41665398783128,1.20214202755208]
SaccadeRandomization:[0,0,3,3,3,0,1,1,2,2,0,2,2,3,3,1,0,0,0,1,1,2,1,1,3,0,3,1,2,1,0,1,0,3,2,0,1,3,2,3,2,1,2,0,0,2,1,3,2,2,2,0,3,0,3,3,2,3,1,1,3,3,0,2,1,1,3,0,3,2,1,3,0,3,3,1,2,2,2,1,0,1,2,1,3,3,0,2,1,2,1,0,0,3,2,2,3,2,0,0,0,1,3,3,1,2,0,0,0,1,1,0,3,1,2,3,2,0,2,1,2,2,1,1,2,1,1,3,1,0,3,1,2,2,2,3,0,3,2,1,0,1,0,3,0,1,3,2,0,0,0,3,3,2,2,0,2,2,0,0,1,2,2,3,1,3,3,3,0,3,3,1,2,3,0,1,1,1,0,0,3,1,0,0,1,2,0,3,0,2,1,2,3,1,1,1,3,3,1,0,0,1,2,2,0,3,3,0,3,2,1,0,1,3,2,1,1,2,2,2,3,3,2,0,3,0,0,2,2,3,0,3,1,1,2,0,0,3,1,2]
cost:1
reward:0
reward_amount:[0.5,0.5,0.5,0.5,0.5,0.5,0.5,0.5,0.5,0.5,0.5,0.5,0.5,0.5,0.5,0.5,0.5,0.5,0.5,0.5,0.5,0.5,0.5,0.5,0.5,0.5,0.5,0.5,0.5,0.5,0.5,0.5,0.5,0.5,0.5,0.5,0.5,0.5,0.5,0.5,0.5,0.5,0.5,0.5,0.5,0.5,0.5,0.5,0.5,0.5,0.5,0.5,0.5,0.5,0.5,0.5,0.5,0.5,0.5,0.5,0.5,0.5,0.5,0.5,0.5,0.5,0.5,0.5,0.5,0.5,0.5,0.5]
