decision:1
size:0
numberOfTrials:12
numberOfBlocks:6
numberOfInstances:36
numberOfSaccadeTrials:60
numberOfSaccadeBlocks:4
cost_digits:[6,9,1,7,934510,632781,174835,841923,145630,7,6,2,289103,6,590421,780235,8,9,8,6,3,895342,194876,480597,629834,350628,6,8,843579,2,482601,2,4,635829,547039,276315,1,1,958672,3,538692,6,8,723168,1,836045,5,2,709483,367509,8,8,8,861904,534986,502816,3,7,5,968572,537812,9,250789,9,324618,926830,659410,806134,367528,8,945283,3]
instanceRandomization:[3,30,17,33,11,25,19,27,8,20,29,21,23,1,10,35,4,32,15,2,7,9,24,34,36,5,31,22,16,13,12,26,14,6,28,18,16,12,15,8,29,19,28,20,23,2,35,18,1,3,10,27,36,22,13,26,5,11,9,14,17,34,30,25,33,7,31,21,4,6,32,24]
ITI:[5,6,7,6,6,6,7,7,7,5,5,5,5,5,5,6,6,5,7,7,6,7,6,7,7,5,5,6,5,6,6,7,5,6,7,7,6,5,7,7,5,5,6,7,7,6,5,6,6,7,5,6,7,7,5,6,7,5,6,5,6,5,5,7,6,7,5,7,6,5,6,7]
SaccadeITI:[1.08343045044846,0.84767535123198,0.647229850331011,1.0130015523561,0.606659144201937,1.06720493132404,1.083687124347,1.21372442417002,1.26407686624831,0.865297679362508,0.745160118017035,0.653684270374166,0.844358538549083,1.11370173659331,0.796526675384181,0.847180348859789,1.20441307177922,1.28034226763217,0.944451572179484,1.1968187916015,0.59451538840464,1.10680253109119,0.645573187891083,0.757001388158339,0.786468286804544,0.903531474332946,0.668445551108258,0.66379882026619,1.44594174883484,1.17018173429339,1.24760905680402,1.42490401495403,0.743260104713651,0.599444781934532,0.748053573809254,1.412669574415,1.31950252111225,1.10971835655315,1.08114512594572,1.09763737748532,1.32839506705447,1.5058021992833,0.568819470043915,0.698470056095781,0.715354484311926,1.02855838070779,1.53635500282204,0.806897545505005,0.89706202763288,0.780320501459452,1.4960556331013,1.30723389451547,1.43773972479782,0.757902790831091,0.942326938306602,1.13668971792019,1.41950595964833,1.25931448772705,0.729514725777941,0.802852028553995]
SaccadeRandomization:[1,2,2,0,2,1,1,2,3,0,0,3,3,0,0,2,3,1,3,0,1,1,1,3,2,3,1,0,1,0,2,0,2,3,3,1,2,0,0,2,2,3,0,3,2,2,1,1,0,1,0,3,2,1,1,0,2,3,3,3,2,1,3,1,0,3,3,3,0,3,3,0,0,1,1,0,2,1,3,2,0,0,1,1,0,2,1,3,2,3,2,3,2,1,3,0,2,2,1,0,0,1,2,3,1,2,3,2,2,0,2,1,0,1,3,2,1,0,0,3,1,1,1,0,1,1,3,3,3,2,3,1,1,2,3,1,3,2,1,3,2,1,0,3,0,3,3,0,1,0,0,2,2,1,1,2,0,2,3,3,0,3,2,1,0,2,2,0,3,2,0,0,0,2,0,0,2,1,2,3,2,1,1,0,2,1,0,1,1,2,3,3,3,1,3,0,0,2,2,3,3,2,2,1,0,0,3,3,1,2,2,0,0,1,0,1,1,3,1,1,2,0,3,2,3,2,3,3,3,0,3,1,1,0,2,0,2,2,0,0]
cost:1
reward:0
reward_amount:[0.5,0.5,0.5,0.5,0.5,0.5,0.5,0.5,0.5,0.5,0.5,0.5,0.5,0.5,0.5,0.5,0.5,0.5,0.5,0.5,0.5,0.5,0.5,0.5,0.5,0.5,0.5,0.5,0.5,0.5,0.5,0.5,0.5,0.5,0.5,0.5,0.5,0.5,0.5,0.5,0.5,0.5,0.5,0.5,0.5,0.5,0.5,0.5,0.5,0.5,0.5,0.5,0.5,0.5,0.5,0.5,0.5,0.5,0.5,0.5,0.5,0.5,0.5,0.5,0.5,0.5,0.5,0.5,0.5,0.5,0.5,0.5]
