decision:1
size:0
numberOfTrials:12
numberOfBlocks:6
numberOfInstances:36
numberOfSaccadeTrials:60
numberOfSaccadeBlocks:4
cost_digits:[8,723168,590421,538692,4,276315,7,8,6,6,2,250789,3,367528,6,194876,537812,632781,2,780235,482601,8,1,945283,324618,895342,174835,6,8,2,480597,8,841923,843579,3,3,9,367509,502816,1,9,629834,145630,861904,9,1,958672,926830,547039,5,8,1,2,534986,3,8,659410,6,5,8,635829,7,806134,7,289103,9,6,836045,709483,968572,350628,934510]
instanceRandomization:[15,20,10,29,14,18,11,28,2,31,21,30,8,4,3,24,17,25,13,35,12,6,23,32,33,9,19,1,36,26,34,22,27,16,7,5,25,3,26,17,34,36,8,22,32,16,15,7,28,9,10,12,18,13,24,4,31,19,35,27,6,33,21,20,23,30,29,2,1,14,5,11]
ITI:[6,5,6,5,5,5,7,7,7,7,6,6,5,6,5,5,6,6,7,6,7,5,7,7,5,6,7,7,6,5,5,6,7,6,5,7,6,6,6,6,5,7,7,5,5,5,7,7,5,5,5,5,7,6,6,6,7,7,7,6,6,5,6,7,6,7,5,5,7,6,5,7]
SaccadeITI:[0.92530621283222,0.909483635541983,1.09735406537075,1.08042562587652,0.660061680688523,1.05233537543099,0.843095432710834,0.682909445581026,1.20936650827061,0.586396805453114,1.33628063041251,1.3127332692733,1.08279201595578,1.12647518117446,1.10617896446493,0.80994594420772,0.854512364580296,0.913399585499428,1.45695984943304,0.837500733067282,0.647097913990729,1.12996548737865,0.89821779911872,0.806250249478035,1.3470082531916,0.754416050831787,1.09517556868959,0.851601821114309,0.795452606375329,1.43513951424975,0.851886365539394,0.921990866749547,0.99886043088045,1.10087950688321,1.34031158380676,1.21161322875414,1.51652724968735,1.03772468629759,0.58540964636486,1.41774772151839,0.55989725466352,0.996065979101695,0.758669274370186,1.28157121825498,1.41312192843761,0.960143333976157,1.08296010594349,0.718766259239055,1.07518574034329,1.30387879998889,0.908842871407978,0.64978821084369,0.691458162129857,1.3212376998039,0.955024464032613,0.931201131292619,0.980379840335809,0.613647832279094,0.820080199022777,1.35128981780726]
SaccadeRandomization:[2,1,3,1,0,0,2,2,1,2,0,3,3,0,3,3,2,1,2,3,3,0,2,1,0,1,1,2,3,0,2,2,0,3,0,3,2,3,1,1,2,0,1,1,3,3,2,1,3,1,1,2,0,3,0,0,1,0,2,0,1,0,0,1,3,0,1,3,3,3,0,1,3,0,0,0,2,2,3,2,1,2,3,0,2,2,3,1,2,2,3,0,1,0,1,3,2,0,3,1,2,2,3,1,3,2,0,3,0,1,0,1,1,1,1,2,2,3,0,2,2,2,0,2,3,3,0,1,2,2,0,2,1,0,2,3,1,0,1,3,2,3,1,2,1,2,3,1,1,0,2,0,2,3,1,1,3,2,0,1,0,0,3,1,3,3,0,3,0,1,0,3,1,3,0,1,0,3,2,2,0,1,2,2,2,0,3,0,0,2,2,3,1,3,1,1,1,0,0,1,0,0,1,3,0,0,2,1,3,0,1,1,3,3,3,2,0,2,1,2,3,2,0,3,0,3,2,2,1,2,3,3,3,1,0,3,2,1,2,1]
cost:1
reward:0
reward_amount:[0.5,0.5,0.5,0.5,0.5,0.5,0.5,0.5,0.5,0.5,0.5,0.5,0.5,0.5,0.5,0.5,0.5,0.5,0.5,0.5,0.5,0.5,0.5,0.5,0.5,0.5,0.5,0.5,0.5,0.5,0.5,0.5,0.5,0.5,0.5,0.5,0.5,0.5,0.5,0.5,0.5,0.5,0.5,0.5,0.5,0.5,0.5,0.5,0.5,0.5,0.5,0.5,0.5,0.5,0.5,0.5,0.5,0.5,0.5,0.5,0.5,0.5,0.5,0.5,0.5,0.5,0.5,0.5,0.5,0.5,0.5,0.5]
