decision:1
size:0
numberOfTrials:12
numberOfBlocks:6
numberOfInstances:36
numberOfSaccadeTrials:60
numberOfSaccadeBlocks:4
cost_digits:[8,723168,934510,9,9,6,350628,3,2,836045,1,6,780235,958672,324618,806134,194876,3,2,841923,4,659410,2,537812,1,8,635829,8,861904,9,590421,1,538692,367509,895342,9,480597,7,174835,968572,5,250789,367528,547039,8,3,534986,1,6,8,482601,629834,2,8,502816,289103,7,5,843579,926830,8,276315,6,8,145630,709483,632781,6,7,3,6,945283]
instanceRandomization:[36,20,11,30,25,1,5,7,26,2,12,19,35,15,33,21,24,8,13,27,14,31,18,17,23,4,6,28,22,32,10,16,29,3,9,34,34,11,19,14,9,30,4,28,15,24,13,17,3,6,12,36,21,27,26,23,20,35,16,7,10,18,29,22,8,1,25,31,33,5,2,32]
ITI:[6,7,7,6,5,5,5,6,5,6,7,7,7,6,7,6,7,6,7,5,5,5,6,5,5,7,6,6,5,6,7,7,7,5,5,6,6,5,7,7,6,7,5,5,6,5,6,7,5,6,7,6,5,6,7,7,5,6,5,7,5,7,6,5,7,6,6,5,7,5,6,7]
SaccadeITI:[0.845855374079353,1.10593677261301,0.952084785051799,0.510166841050765,1.36144005153716,0.979777562854967,0.696555608607984,1.47552583828025,1.45678340709225,0.705068539785376,0.992133324690318,1.41295114295014,0.549703995887345,1.16671437719294,0.600263991583294,0.714075005803412,1.05479749823377,1.41985766911336,1.18359855418482,1.30737769413196,0.640561165478236,0.56927470532634,0.930927473776198,1.38526064223067,1.27498562792704,0.86049234373883,0.886000082785419,1.48089003372394,1.43349574874543,0.697705937273956,0.621184337608671,0.980938716516054,1.21638019192421,0.825594843555397,0.965859306700683,0.700717277316532,0.943276547784141,1.48357185670563,0.596505060050792,0.604906391775391,0.961728239389292,1.0891637207979,0.609662688993073,1.1668938113881,0.568293810080892,1.41446710233965,0.946150798075056,0.619036864446631,1.44167517307602,0.924184757940626,1.31798606315084,1.46018841881693,1.35834185216033,1.12305585849487,1.1410654349757,1.06936001819946,0.5634057337457,0.883273482280007,1.1134943328371,0.639375513143993]
SaccadeRandomization:[0,1,2,2,2,0,1,0,1,2,0,3,1,2,1,2,3,1,1,3,0,3,2,3,0,1,2,2,0,2,0,1,1,3,3,3,3,0,0,1,0,3,1,3,2,2,0,3,0,0,0,3,2,2,1,3,3,1,1,2,0,3,0,1,1,2,1,2,1,3,1,3,3,0,3,1,3,3,0,2,3,2,1,0,0,1,0,3,1,0,2,0,2,3,1,3,0,3,1,2,1,3,2,0,2,0,2,2,2,2,2,3,0,0,3,1,0,2,1,1,0,1,1,1,0,2,0,3,1,3,1,3,2,2,1,2,3,2,0,2,3,3,0,3,1,3,1,0,3,0,2,2,2,0,2,3,1,2,2,2,0,3,0,1,3,1,1,0,0,3,0,1,3,1,0,1,3,2,2,0,1,2,2,0,3,0,2,0,1,2,3,2,0,3,0,1,1,3,0,3,3,0,1,2,3,3,3,1,0,1,3,2,0,0,2,2,1,2,1,3,0,2,1,0,0,1,3,2,3,3,0,0,3,2,1,1,1,2,1,2]
cost:1
reward:0
reward_amount:[0.5,0.5,0.5,0.5,0.5,0.5,0.5,0.5,0.5,0.5,0.5,0.5,0.5,0.5,0.5,0.5,0.5,0.5,0.5,0.5,0.5,0.5,0.5,0.5,0.5,0.5,0.5,0.5,0.5,0.5,0.5,0.5,0.5,0.5,0.5,0.5,0.5,0.5,0.5,0.5,0.5,0.5,0.5,0.5,0.5,0.5,0.5,0.5,0.5,0.5,0.5,0.5,0.5,0.5,0.5,0.5,0.5,0.5,0.5,0.5,0.5,0.5,0.5,0.5,0.5,0.5,0.5,0.5,0.5,0.5,0.5,0.5]
