decision:1
size:0
numberOfTrials:12
numberOfBlocks:6
numberOfInstances:36
numberOfSaccadeTrials:60
numberOfSaccadeBlocks:4
cost_digits:[250789,2,8,659410,836045,632781,7,194876,3,958672,1,480597,8,8,926830,6,1,367509,538692,8,968572,2,547039,145630,1,9,324618,709483,7,5,8,276315,861904,2,482601,5,841923,7,895342,350628,9,6,3,174835,945283,629834,367528,780235,8,4,502816,843579,806134,8,289103,6,8,635829,1,6,934510,3,723168,2,537812,6,534986,9,9,3,6,590421]
instanceRandomization:[30,21,4,31,2,25,11,24,5,15,17,34,36,10,7,19,16,3,29,27,14,26,28,8,23,32,33,1,20,9,6,18,22,13,12,35,27,33,9,5,25,1,24,19,32,36,4,35,15,14,26,16,21,28,23,31,22,6,12,29,11,7,20,18,17,3,13,30,34,8,2,10]
ITI:[5,7,7,6,5,6,5,7,6,6,7,5,5,5,6,7,7,7,6,5,7,6,5,6,7,7,7,5,7,6,6,5,5,5,6,6,7,5,5,5,7,5,6,6,7,6,6,7,7,5,7,6,7,5,5,7,6,5,6,6,5,5,5,7,6,7,6,5,6,7,6,7]
SaccadeITI:[1.12973812782827,0.909250512269015,0.913667142639558,1.05495764176982,0.542617569693054,0.631557425732414,0.754419307938466,1.02067111294406,0.790986784516523,0.961115516039232,0.879698322170104,0.544081299115593,0.701450559558968,0.730745873895163,1.38760476397971,0.928617670216287,1.4097714815444,1.33935702291007,0.563528589454169,1.33178682650129,1.00695088577146,0.590416385342057,0.520769615440319,1.35886661570209,1.33194432781699,1.20160800196851,1.07687699447076,1.11121409155118,1.29255700206074,0.53434393859158,1.33730601031954,1.00738887187714,0.833283295171956,1.11132629077571,1.44686276071394,1.45109313192467,1.37788986951734,0.643091476072247,1.24787026924702,1.01688343078519,0.56361645810927,1.31768615219432,0.976342504859592,0.766379631838451,0.509719167153041,1.43449224952298,1.26425910672794,1.02708223836186,0.614079393694798,0.58843225731204,1.30496907212461,1.26914243168818,0.821634783192227,1.36619683077248,0.916416486275072,1.10852407060253,0.837139944095785,0.75249217126208,1.15695530270847,1.38027293166767]
SaccadeRandomization:[0,3,2,2,1,1,2,1,0,2,1,2,1,2,2,3,3,0,1,1,2,3,3,0,1,0,2,1,1,0,3,0,3,3,0,1,3,1,0,2,3,3,0,3,0,0,2,2,2,3,0,1,1,0,2,0,3,3,1,2,1,1,3,0,0,1,3,3,3,0,1,2,2,0,1,3,2,1,2,3,0,0,2,2,0,0,2,1,0,2,0,1,3,3,1,1,2,0,1,1,2,3,3,0,2,1,3,0,3,1,3,1,2,2,3,3,0,2,0,2,3,2,1,3,2,2,2,0,3,2,1,2,2,3,0,1,0,1,2,1,0,2,0,3,0,0,3,0,1,0,1,3,1,1,0,1,3,0,2,0,2,0,3,2,1,3,1,2,1,3,0,3,2,3,2,3,3,1,1,0,1,0,0,0,2,0,2,2,3,1,1,0,0,3,2,3,1,1,2,3,2,0,1,2,0,0,3,3,0,3,1,0,2,2,3,1,1,3,1,1,2,2,2,1,0,2,3,0,3,3,3,2,1,3,1,3,0,0,2,1]
cost:1
reward:0
reward_amount:[0.5,0.5,0.5,0.5,0.5,0.5,0.5,0.5,0.5,0.5,0.5,0.5,0.5,0.5,0.5,0.5,0.5,0.5,0.5,0.5,0.5,0.5,0.5,0.5,0.5,0.5,0.5,0.5,0.5,0.5,0.5,0.5,0.5,0.5,0.5,0.5,0.5,0.5,0.5,0.5,0.5,0.5,0.5,0.5,0.5,0.5,0.5,0.5,0.5,0.5,0.5,0.5,0.5,0.5,0.5,0.5,0.5,0.5,0.5,0.5,0.5,0.5,0.5,0.5,0.5,0.5,0.5,0.5,0.5,0.5,0.5,0.5]
