decision:1
size:0
numberOfTrials:12
numberOfBlocks:6
numberOfInstances:36
numberOfSaccadeTrials:60
numberOfSaccadeBlocks:4
cost_digits:[6,8,502816,7,841923,3,350628,6,958672,8,6,276315,8,145630,945283,590421,806134,9,7,367528,836045,629834,534986,174835,3,1,5,289103,843579,5,632781,9,6,482601,7,4,1,968572,8,547039,1,8,9,3,8,6,635829,2,324618,895342,6,9,8,2,250789,659410,723168,367509,861904,2,480597,2,926830,194876,8,537812,3,1,709483,538692,780235,934510]
instanceRandomization:[31,22,26,20,27,24,5,1,15,28,29,18,6,8,32,10,21,30,11,4,2,36,13,19,7,17,9,23,16,35,25,34,3,12,33,14,12,14,15,28,23,36,25,5,27,19,6,18,33,9,2,32,10,26,30,31,20,3,22,13,34,21,7,24,4,17,8,16,1,29,35,11]
ITI:[7,6,5,5,7,7,7,5,6,5,6,6,5,6,7,6,5,5,6,5,7,7,7,6,7,5,6,7,5,6,5,6,6,5,7,7,7,6,7,5,6,5,7,5,6,5,7,6,6,5,7,6,7,5,5,6,7,6,7,5,7,5,5,7,6,6,5,7,5,6,7,6]
SaccadeITI:[1.19457438977358,1.41446486364972,1.32882972613831,1.20568313699138,0.530901672252609,0.661408135601475,1.16748674370271,1.22000652661469,0.675670062824308,0.731261941771178,1.26021914317195,0.865648633268817,0.917943864994838,1.27122594712224,1.28252251602632,0.80211113060747,0.828298944215445,1.275189985688,0.809745682570307,1.27911440369595,0.752371263624324,0.660507488929822,1.36569318960343,1.02978820999075,0.62894780880694,1.18253503174443,0.782927475105195,0.740610389904274,1.25369598244239,1.07703562260528,0.777516503985195,0.873140480536191,0.631117069562121,1.22839252038781,0.859966905023127,1.08789106777792,0.879003962435915,0.668055434412478,1.33590789295655,0.980038284258141,1.10566014091407,1.3201866752274,0.646707692816077,1.34433462208059,1.01166247453463,1.43905319895518,0.788450108309432,0.651363487289442,0.821574128399758,1.25595500010919,1.29689067455862,0.950757599369778,1.20848961447288,0.963206136998876,0.986421282104372,0.679989503630592,1.42863053682183,1.03942680142742,0.696254952046244,0.847535335160016]
SaccadeRandomization:[3,1,1,2,3,2,0,3,2,3,0,1,1,1,2,0,3,2,1,3,2,0,3,3,2,0,1,1,3,0,1,1,2,3,1,0,0,0,2,3,2,0,3,1,2,0,2,3,1,1,2,0,0,3,0,3,2,2,0,1,1,0,3,2,2,1,2,3,1,2,0,0,0,2,3,1,2,3,2,3,0,1,1,1,0,2,1,2,3,0,1,0,0,1,2,0,3,1,0,0,3,2,3,0,0,3,2,2,3,1,3,2,0,2,1,1,3,3,3,1,2,2,0,0,0,0,3,3,3,0,1,1,2,3,2,0,1,1,1,1,3,0,0,3,2,3,0,0,2,0,3,3,3,2,2,2,2,0,1,1,0,1,3,2,2,0,2,2,1,3,3,1,1,1,1,0,3,2,1,3,0,0,0,1,1,2,1,3,3,2,0,0,3,3,3,1,2,2,1,2,2,2,3,2,0,3,2,2,0,3,1,0,1,0,0,0,1,1,0,1,2,2,1,2,1,3,3,3,3,3,1,0,0,2,1,3,3,2,1,0]
cost:1
reward:0
reward_amount:[0.5,0.5,0.5,0.5,0.5,0.5,0.5,0.5,0.5,0.5,0.5,0.5,0.5,0.5,0.5,0.5,0.5,0.5,0.5,0.5,0.5,0.5,0.5,0.5,0.5,0.5,0.5,0.5,0.5,0.5,0.5,0.5,0.5,0.5,0.5,0.5,0.5,0.5,0.5,0.5,0.5,0.5,0.5,0.5,0.5,0.5,0.5,0.5,0.5,0.5,0.5,0.5,0.5,0.5,0.5,0.5,0.5,0.5,0.5,0.5,0.5,0.5,0.5,0.5,0.5,0.5,0.5,0.5,0.5,0.5,0.5,0.5]
