decision:1
size:0
numberOfTrials:12
numberOfBlocks:6
numberOfInstances:36
numberOfSaccadeTrials:60
numberOfSaccadeBlocks:4
cost_digits:[350628,7,276315,958672,659410,7,3,945283,5,629834,2,709483,9,1,367528,1,174835,934510,4,3,1,6,806134,926830,6,9,502816,635829,841923,1,250789,367509,5,8,8,547039,3,8,843579,8,145630,194876,534986,538692,9,895342,632781,723168,480597,590421,7,2,289103,6,324618,3,6,861904,8,537812,8,482601,6,8,780235,2,8,6,9,2,968572,836045]
instanceRandomization:[5,20,18,15,31,33,24,32,9,36,13,1,25,23,4,12,19,11,14,8,16,2,21,7,29,34,26,6,27,17,30,3,35,22,10,28,5,36,16,4,8,24,13,29,30,9,25,20,34,10,11,26,23,19,33,7,31,22,6,17,28,12,3,15,35,18,27,1,32,21,14,2]
ITI:[7,5,5,5,7,6,6,6,6,5,7,7,5,7,7,5,6,5,6,5,6,7,6,7,6,7,6,7,7,5,6,7,5,5,5,6,6,6,5,6,7,7,5,5,6,5,7,7,7,5,5,6,6,6,5,7,5,6,7,7,5,5,5,7,5,7,7,6,6,7,6,6]
SaccadeITI:[0.562241979928998,0.640738696845559,0.660202410126415,0.866474297650469,1.4077241723969,0.983412696568606,1.44038629048349,0.564324230242831,0.86968444060379,1.2462955802291,0.900244993677673,0.776891615994585,0.981432775555489,0.984204483272818,0.597652940832389,0.62371188919836,1.07211316312508,0.803294255452541,0.747551019823489,1.49175522854396,1.2555552966039,1.12921301606887,1.04923834098348,1.4391754633359,1.26048458163471,1.43156041489759,1.18557094578476,1.02807953237401,1.05638925061406,1.4248707413751,0.918480861287874,1.27969740918682,1.22976994450049,0.721413381219221,0.779385992380169,0.798447679782597,0.93460272863352,1.02758103358404,0.757179098956597,0.725957453538043,1.04112988739119,1.03698456246251,1.47955988166699,0.864140411893216,1.34677360421823,0.72632911108279,0.813396697918264,0.888915270854098,0.90266404748739,0.581924388937963,0.765827884486255,0.856923691284222,1.29338268778132,0.678783617036728,0.900093483560098,1.45771658146599,0.672720893573326,1.53931427752444,1.49569753027366,1.00473116180704]
SaccadeRandomization:[2,1,3,2,1,2,3,0,1,2,2,2,1,1,3,0,1,2,2,1,2,0,2,3,3,3,2,0,0,0,2,0,0,3,3,3,1,1,0,3,3,1,0,0,1,1,1,2,0,0,0,0,1,3,3,2,1,3,3,2,1,0,1,2,1,1,3,0,2,0,3,3,2,3,3,3,2,3,3,0,2,0,3,1,2,0,2,1,2,2,2,2,3,2,0,0,1,1,2,1,0,3,1,0,1,1,3,0,0,1,1,0,3,0,3,2,0,3,2,1,0,0,3,2,1,0,1,3,0,3,1,1,0,0,3,2,0,2,3,0,0,0,2,3,0,2,0,3,1,2,3,3,2,1,2,1,1,3,2,1,2,2,3,0,3,2,1,3,1,0,2,1,2,2,3,0,1,3,1,1,0,3,1,3,0,0,1,3,1,3,0,2,0,2,2,3,2,2,1,3,2,2,1,0,2,3,3,1,3,0,2,1,1,0,0,1,3,0,0,1,3,0,0,2,3,1,3,2,3,1,3,2,1,1,1,2,2,0,2,0]
cost:1
reward:0
reward_amount:[0.5,0.5,0.5,0.5,0.5,0.5,0.5,0.5,0.5,0.5,0.5,0.5,0.5,0.5,0.5,0.5,0.5,0.5,0.5,0.5,0.5,0.5,0.5,0.5,0.5,0.5,0.5,0.5,0.5,0.5,0.5,0.5,0.5,0.5,0.5,0.5,0.5,0.5,0.5,0.5,0.5,0.5,0.5,0.5,0.5,0.5,0.5,0.5,0.5,0.5,0.5,0.5,0.5,0.5,0.5,0.5,0.5,0.5,0.5,0.5,0.5,0.5,0.5,0.5,0.5,0.5,0.5,0.5,0.5,0.5,0.5,0.5]
