decision:1
size:0
numberOfTrials:12
numberOfBlocks:6
numberOfInstances:36
numberOfSaccadeTrials:60
numberOfSaccadeBlocks:4
cost_digits:[934510,2,9,841923,8,6,3,780235,250789,502816,836045,5,723168,534986,538692,9,1,3,8,480597,8,3,6,289103,1,367509,8,7,350628,861904,590421,1,659410,968572,276315,8,2,537812,895342,9,194876,6,482601,2,547039,7,8,3,5,8,632781,9,926830,6,7,945283,174835,709483,324618,8,4,367528,6,629834,806134,635829,958672,843579,6,145630,2,1]
instanceRandomization:[11,21,32,27,6,1,24,35,30,26,2,9,20,13,29,25,16,8,36,34,4,7,19,23,12,3,15,33,5,22,10,17,31,14,18,28,18,17,9,30,24,3,12,13,28,20,10,5,35,22,25,34,7,31,11,32,19,1,33,27,14,4,29,36,21,6,15,16,2,8,26,23]
ITI:[6,7,6,7,5,7,7,5,5,6,5,6,7,5,5,6,6,7,7,5,6,6,5,7,5,7,5,6,6,7,5,6,6,5,7,7,5,7,6,5,7,6,5,6,5,7,7,6,7,6,7,5,7,6,7,5,6,5,5,6,7,6,5,7,7,6,6,6,5,5,7,5]
SaccadeITI:[1.1399797831856,1.18146454866122,1.238397780313,1.39611146340224,0.810396669405357,0.850242543705584,0.759177806294368,1.27545012577514,1.35258371729481,0.582302988246859,1.19824931907545,0.787028072374718,0.842488314696432,0.751942906967209,1.488051162307,0.967151030405269,1.10192032900716,1.0904237122469,0.499017988304452,1.18527210966762,0.749413781306551,1.031898136922,1.24738683502267,0.566279673223228,0.87480056352991,1.25242655768137,0.528384965351627,1.41291259412731,1.30443315927017,0.796957924469219,0.91881503581147,0.509054443073304,1.48342162298116,0.867765673874722,0.74473071351725,0.557009645244883,0.640754170921476,0.879260523217575,0.838425343596221,0.654337022892044,0.967257954385908,1.07076656722541,0.92381359168406,0.873055481091918,1.11831902872849,1.37584750142026,0.564765486606241,1.45430463456626,0.954293244258345,0.565542172147737,0.928562298622758,1.34305553880598,1.33732421204525,0.738083372331069,1.18406094002615,1.27278999934982,1.43376878087486,1.11759459061626,1.10638167287301,1.31429217496964]
SaccadeRandomization:[2,3,2,1,1,2,0,1,3,0,3,1,3,1,3,0,2,3,1,2,3,1,0,2,0,0,1,2,1,3,0,2,0,0,0,1,3,2,0,1,3,0,1,1,3,0,3,0,2,2,3,3,2,2,1,2,3,1,2,0,0,0,0,1,0,2,3,1,2,0,0,2,3,2,1,0,3,1,0,3,3,1,1,1,3,1,2,0,3,3,2,0,2,2,0,0,3,2,1,2,3,1,2,3,2,1,0,1,3,1,0,3,3,1,1,2,3,2,0,2,3,2,0,0,3,0,3,0,1,3,2,0,1,3,0,2,1,1,3,0,1,1,2,1,2,3,0,1,1,2,2,2,3,0,1,2,0,1,2,0,2,3,0,2,3,3,2,3,2,0,0,1,3,0,1,3,1,2,3,1,0,1,1,0,2,2,1,0,2,2,1,3,3,3,2,2,0,3,1,3,2,2,3,1,1,0,0,3,2,1,3,2,1,2,2,0,0,1,3,3,0,0,1,3,1,2,0,1,3,0,1,2,1,3,0,0,3,0,3,2]
cost:1
reward:0
reward_amount:[0.5,0.5,0.5,0.5,0.5,0.5,0.5,0.5,0.5,0.5,0.5,0.5,0.5,0.5,0.5,0.5,0.5,0.5,0.5,0.5,0.5,0.5,0.5,0.5,0.5,0.5,0.5,0.5,0.5,0.5,0.5,0.5,0.5,0.5,0.5,0.5,0.5,0.5,0.5,0.5,0.5,0.5,0.5,0.5,0.5,0.5,0.5,0.5,0.5,0.5,0.5,0.5,0.5,0.5,0.5,0.5,0.5,0.5,0.5,0.5,0.5,0.5,0.5,0.5,0.5,0.5,0.5,0.5,0.5,0.5,0.5,0.5]
