decision:1
size:0
numberOfTrials:12
numberOfBlocks:6
numberOfInstances:36
numberOfSaccadeTrials:60
numberOfSaccadeBlocks:4
cost_digits:[2,9,194876,3,8,6,1,534986,145630,6,8,843579,6,632781,3,480597,629834,538692,8,968572,502816,8,6,9,7,482601,934510,841923,895342,8,5,289103,324618,2,958672,367509,861904,780235,8,350628,8,174835,8,250789,367528,9,836045,7,723168,590421,806134,1,635829,276315,9,6,659410,2,7,1,537812,945283,926830,1,3,3,547039,6,709483,5,2,4]
instanceRandomization:[18,32,24,7,10,19,17,13,8,1,22,16,31,25,5,34,36,29,4,14,26,28,2,30,20,12,11,27,9,6,35,23,33,21,15,3,22,35,27,5,36,19,15,30,4,34,2,11,20,10,21,12,6,18,25,3,31,13,33,23,17,32,7,16,24,8,28,29,1,9,26,14]
ITI:[5,5,7,5,7,6,6,7,6,6,5,7,7,6,5,5,5,6,7,6,5,6,7,7,6,5,7,7,5,7,5,6,6,7,5,6,5,6,7,7,5,5,6,7,6,5,6,7,6,6,7,5,7,6,7,5,5,5,6,7,5,6,6,5,7,7,5,7,7,5,6,6]
SaccadeITI:[1.1523776494083,1.21548112385208,0.506560112547595,0.748985422507394,0.696307733620051,1.21905899440171,1.25481134207221,0.876983917516191,0.601432203745935,0.846912236616481,1.26284380975412,0.493610042112414,1.4619808590156,0.562934828421567,1.19811135294149,1.45101097455481,0.820525632903446,0.693815244326834,1.45500130412402,0.496815822052304,1.37186756703304,1.08788172687637,1.34997877149144,0.907838918466587,0.532326748792548,1.45883960482897,0.578223823534791,1.10200543698156,0.537868130917195,0.579561800661031,0.640995283343364,1.22946955399821,1.41472209963249,1.00244792407611,1.25306687151315,1.04089056114899,1.11199329580413,1.43594710152829,0.727329217095394,1.41924995506415,1.23220668170834,1.37085314091528,1.17112345966743,0.75119029750349,1.20974134440767,0.642657073179726,1.37096824377077,1.35283199903788,1.44372661291854,0.695049119147007,0.694801645318512,1.34890437355498,1.01909956891323,1.2096257668105,0.961920508381445,0.577836323261727,0.546354232321028,1.00860693092691,0.687954791320954,0.906482887652237]
SaccadeRandomization:[1,1,3,2,3,3,2,2,0,1,0,1,3,0,1,1,2,3,3,3,0,1,2,3,2,2,1,2,1,0,0,2,2,0,0,1,2,1,3,3,0,3,2,1,1,2,0,3,0,0,3,3,2,1,0,1,3,0,0,2,0,2,1,2,2,3,0,3,3,2,3,1,3,1,2,0,3,1,2,2,0,0,2,0,2,2,2,0,3,1,0,0,1,1,2,3,2,3,2,0,1,0,1,0,1,0,0,3,2,1,1,3,3,3,0,1,1,3,1,3,2,0,2,3,1,0,1,3,0,2,0,3,2,0,0,1,0,0,3,3,2,0,2,1,2,1,2,1,2,0,3,2,1,1,0,3,1,3,1,0,0,3,3,2,3,3,2,1,0,1,2,2,1,2,1,1,3,3,0,3,0,0,1,1,1,2,3,0,1,3,2,0,0,0,1,1,2,0,2,1,3,2,1,2,2,3,0,1,2,2,2,2,0,2,0,1,1,3,0,0,0,3,1,3,0,2,3,3,2,3,3,3,3,1,1,0,2,1,3,3]
cost:1
reward:0
reward_amount:[0.5,0.5,0.5,0.5,0.5,0.5,0.5,0.5,0.5,0.5,0.5,0.5,0.5,0.5,0.5,0.5,0.5,0.5,0.5,0.5,0.5,0.5,0.5,0.5,0.5,0.5,0.5,0.5,0.5,0.5,0.5,0.5,0.5,0.5,0.5,0.5,0.5,0.5,0.5,0.5,0.5,0.5,0.5,0.5,0.5,0.5,0.5,0.5,0.5,0.5,0.5,0.5,0.5,0.5,0.5,0.5,0.5,0.5,0.5,0.5,0.5,0.5,0.5,0.5,0.5,0.5,0.5,0.5,0.5,0.5,0.5,0.5]
