decision:1
size:0
numberOfTrials:12
numberOfBlocks:6
numberOfInstances:36
numberOfSaccadeTrials:60
numberOfSaccadeBlocks:4
cost_digits:[709483,934510,8,8,8,9,590421,480597,895342,482601,926830,4,2,3,194876,8,534986,9,8,780235,8,2,367509,843579,8,174835,6,289103,1,350628,6,502816,6,324618,632781,7,1,635829,9,6,968572,945283,1,5,250789,2,9,861904,8,3,5,3,841923,367528,2,145630,537812,3,958672,6,538692,723168,547039,629834,6,1,7,836045,806134,7,276315,659410]
instanceRandomization:[1,11,28,22,27,32,10,34,9,12,7,14,18,8,24,36,13,30,15,35,4,21,3,16,6,19,29,23,17,5,31,26,2,33,25,20,12,6,34,1,14,32,16,35,30,13,25,22,10,5,9,24,27,4,26,8,17,7,15,19,29,20,28,36,3,23,11,2,21,33,18,31]
ITI:[6,6,6,5,5,5,7,7,7,7,5,6,5,6,7,7,5,7,6,5,6,5,7,6,6,6,7,6,5,5,5,7,7,6,7,5,6,5,6,7,7,7,6,5,5,7,5,6,6,5,6,7,5,5,6,7,7,5,7,6,6,6,7,7,6,5,6,7,5,7,5,5]
SaccadeITI:[1.16573419178215,0.549232041121771,1.01575046068368,1.05714575679352,0.917764262187605,0.923467799912517,0.580025365001833,0.836670952274775,1.3090483358906,1.33903982688983,1.19582381693957,0.507591852343952,0.531888802660008,1.09915120702547,0.987791332773243,0.788728580235814,0.737011977129926,1.38630344521565,1.27021744300922,1.35006989807201,0.953279377085467,0.501897852992018,1.37730519602386,0.527058288113525,0.757106307785337,0.585608384928977,1.37912544038457,1.42516206263875,0.989543254844224,1.27226503508476,1.1934897768156,1.38471618516681,0.53225147643437,0.873164565193777,1.18514250394267,1.35741019331229,0.762388664189105,0.957027339035024,1.02955302398962,0.958501742345591,0.765965953360622,1.03523614898634,0.857806631720935,1.23103667947774,1.25676802162391,1.07627242839274,0.933779534076651,0.940278352595245,1.44374220271905,0.71754525800546,0.984446844443058,0.74163336319228,0.870886696626743,1.17363859632363,1.3544580073872,0.59571534570617,0.84155272122783,1.03464642691736,1.45348529064407,1.14065147832346]
SaccadeRandomization:[1,0,1,2,3,3,0,0,2,1,0,3,0,0,0,3,2,0,1,3,2,1,2,3,3,1,1,2,1,0,1,0,3,2,2,2,3,0,0,2,2,2,3,1,1,1,2,0,3,1,0,3,1,3,3,2,3,0,1,2,3,2,0,3,2,3,2,0,1,1,1,2,3,0,2,2,2,2,0,0,0,2,0,0,1,3,0,3,3,2,0,2,1,3,2,1,3,1,1,3,1,1,0,1,0,3,3,3,1,3,0,0,2,2,1,1,0,3,2,1,0,0,1,3,1,3,2,3,3,0,1,0,1,1,2,3,2,2,3,0,1,1,2,1,3,3,0,3,1,0,0,2,0,0,2,2,0,2,0,0,2,2,1,2,0,1,3,3,3,2,3,3,1,2,1,1,3,1,2,0,1,0,0,1,3,0,3,1,0,2,1,1,1,2,0,3,1,2,3,3,1,0,3,2,1,2,0,3,0,1,3,1,1,0,0,2,3,2,3,3,1,0,3,1,2,2,0,3,3,3,0,1,0,2,2,2,0,2,2,2]
cost:1
reward:0
reward_amount:[0.5,0.5,0.5,0.5,0.5,0.5,0.5,0.5,0.5,0.5,0.5,0.5,0.5,0.5,0.5,0.5,0.5,0.5,0.5,0.5,0.5,0.5,0.5,0.5,0.5,0.5,0.5,0.5,0.5,0.5,0.5,0.5,0.5,0.5,0.5,0.5,0.5,0.5,0.5,0.5,0.5,0.5,0.5,0.5,0.5,0.5,0.5,0.5,0.5,0.5,0.5,0.5,0.5,0.5,0.5,0.5,0.5,0.5,0.5,0.5,0.5,0.5,0.5,0.5,0.5,0.5,0.5,0.5,0.5,0.5,0.5,0.5]
