decision:1
size:0
numberOfTrials:12
numberOfBlocks:6
numberOfInstances:36
numberOfSaccadeTrials:60
numberOfSaccadeBlocks:4
cost_digits:[367528,709483,6,806134,276315,174835,3,7,6,3,1,324618,7,2,5,590421,6,8,629834,8,895342,145630,9,4,632781,250789,841923,2,1,9,926830,836045,1,861904,958672,289103,5,3,6,1,934510,945283,8,780235,194876,482601,659410,8,7,6,2,9,6,723168,534986,9,480597,8,843579,8,8,367509,3,2,635829,968572,537812,350628,8,547039,502816,538692]
instanceRandomization:[4,1,31,21,18,19,24,11,3,5,12,33,20,13,35,10,29,6,36,28,9,8,32,14,25,30,27,26,16,34,7,2,17,22,15,23,9,8,19,23,11,32,10,35,24,12,31,22,33,1,21,25,2,20,13,30,34,4,16,15,36,3,7,18,6,14,17,5,27,28,26,29]
ITI:[6,6,6,7,7,7,5,5,5,6,7,5,7,6,5,5,6,5,5,6,7,7,6,7,7,6,6,7,5,5,7,7,5,5,6,6,7,7,6,5,6,5,6,5,7,5,6,7,7,7,6,5,7,5,6,6,5,5,6,7,6,5,6,5,5,6,6,5,7,7,7,7]
SaccadeITI:[0.629491948635162,1.24007873620916,0.591096046260403,1.52307446102689,1.18262641888189,0.550279155486108,0.570824645339356,1.18512852245088,0.949787267363475,0.674043363538415,1.17163654777299,0.880154434238405,0.606683488349275,0.950299268235297,0.86085125838484,0.943402988250212,0.982776787943051,0.707218161663817,1.06928571441288,0.688805417037414,1.44641518534239,1.14536671537984,1.29012651729475,0.817895092182637,0.768488834026114,1.02836456370618,0.993809412346066,1.2410470248394,1.0616386345316,0.548992274907262,1.29780246351923,0.748941030233012,1.32267206126902,0.789340101294996,0.614793988057257,1.32754799967709,1.05316416394974,1.50397667090486,1.32943091739047,0.829468095787646,0.887594609633864,1.17765124176707,1.34497534937303,0.653132181494341,1.08390019309785,1.09472918498407,0.948794184365155,0.826558175842122,1.3037405771863,1.43608818493861,1.21189741685133,1.13405367463905,0.990939961160378,1.10269676649089,0.892259440963001,0.884923813511462,0.64744711422439,0.951012017783554,0.980449805847214,1.33032972772683]
SaccadeRandomization:[3,1,2,3,3,3,0,1,1,3,2,2,0,0,0,2,0,2,3,2,2,1,1,1,1,0,2,0,0,0,3,0,0,2,3,1,3,1,2,2,0,3,1,2,1,3,2,3,0,1,3,3,3,1,1,2,2,1,0,0,1,3,0,2,3,0,3,1,0,3,3,2,3,2,2,0,1,3,2,1,3,1,3,0,3,2,0,2,0,3,3,1,2,0,2,2,3,2,2,0,1,1,1,0,0,0,3,3,1,1,1,1,1,2,2,0,0,0,2,1,1,0,1,2,1,2,1,3,3,1,3,3,0,1,1,0,1,2,2,0,1,0,3,2,3,2,2,3,0,1,2,2,0,2,3,2,0,3,0,0,1,2,3,1,3,1,3,2,1,2,2,0,0,0,3,3,0,3,1,0,2,3,1,2,2,1,2,1,0,3,3,1,1,1,2,0,2,0,0,0,2,0,0,3,3,3,3,1,3,1,3,0,1,2,2,1,0,2,3,3,2,0,0,2,1,1,0,0,3,3,2,1,1,2,2,0,3,1,0,3]
cost:1
reward:0
reward_amount:[0.5,0.5,0.5,0.5,0.5,0.5,0.5,0.5,0.5,0.5,0.5,0.5,0.5,0.5,0.5,0.5,0.5,0.5,0.5,0.5,0.5,0.5,0.5,0.5,0.5,0.5,0.5,0.5,0.5,0.5,0.5,0.5,0.5,0.5,0.5,0.5,0.5,0.5,0.5,0.5,0.5,0.5,0.5,0.5,0.5,0.5,0.5,0.5,0.5,0.5,0.5,0.5,0.5,0.5,0.5,0.5,0.5,0.5,0.5,0.5,0.5,0.5,0.5,0.5,0.5,0.5,0.5,0.5,0.5,0.5,0.5,0.5]
