decision:1
size:0
numberOfTrials:12
numberOfBlocks:6
numberOfInstances:36
numberOfSaccadeTrials:60
numberOfSaccadeBlocks:4
cost_digits:[174835,8,8,250789,547039,968572,480597,836045,6,482601,6,895342,534986,8,806134,1,1,8,590421,276315,3,9,8,145630,5,9,194876,629834,843579,3,7,7,709483,7,502816,6,1,4,2,538692,780235,367528,6,2,324618,6,8,934510,8,635829,537812,6,958672,367509,659410,945283,8,5,289103,841923,2,3,1,632781,723168,9,926830,2,861904,9,350628,3]
instanceRandomization:[19,4,22,30,28,14,34,2,29,12,3,9,13,15,21,23,17,27,10,18,7,32,6,8,35,25,24,36,16,5,11,20,1,33,26,31,16,14,21,29,35,4,19,26,33,1,28,11,10,6,17,2,15,3,31,32,36,9,23,27,18,8,12,25,20,30,7,13,22,34,5,24]
ITI:[5,7,7,6,7,6,5,7,6,5,5,6,5,6,6,6,5,5,7,6,7,5,7,7,7,5,7,5,6,7,7,5,6,6,6,5,6,5,6,7,5,7,6,6,5,7,5,7,7,5,7,5,6,5,6,7,6,7,6,5,5,6,7,5,7,5,5,6,7,6,6,7]
SaccadeITI:[1.03005514758018,1.39525129528095,1.3941230070622,0.97766553958257,1.00851265246359,1.1054387478934,1.1955277835795,0.826132473985975,1.24665393213121,0.683247100779166,1.1534253908166,1.15205846492512,0.954477481062834,1.13099172383857,0.906432101487493,0.666589421204602,1.04724401303877,0.972962174549078,1.10596878731934,1.30367479564932,0.709230520048489,0.623001732615133,0.687857632044082,1.50283401597602,1.13509681423505,1.09846968435061,1.45336064252382,0.929886605807891,1.34769517135186,0.649607891434183,0.644157320943971,0.562849205437427,1.05103367891473,1.25868390824956,0.748717720837643,0.601955094592025,1.43820835997661,0.580841075380643,1.45593025254396,0.632905002202218,1.19716019181845,0.879031102157508,1.32632012035077,1.54248933143293,1.13918438319427,0.778061252071833,0.788018943260734,0.570848818154385,0.709932879994934,0.596994105245297,1.02206576777001,0.585193021905919,0.75171029473034,0.93608047113133,1.15732310966899,1.40202779856821,0.763417774795865,1.4776732357995,1.11644696256456,0.891266071687763]
SaccadeRandomization:[1,3,2,3,1,3,2,3,3,3,0,2,2,1,0,1,2,2,1,3,2,3,0,2,3,0,2,1,0,3,1,0,0,0,3,1,0,0,2,1,1,0,3,0,1,0,3,2,1,2,3,1,3,0,0,1,1,2,2,2,0,1,1,3,1,0,0,2,3,2,3,2,2,1,0,3,0,0,2,2,0,1,2,0,3,1,3,2,0,3,3,2,3,1,2,3,2,1,3,2,0,0,3,1,0,3,1,2,0,1,1,2,3,3,0,0,1,1,1,2,0,1,0,1,3,1,3,0,2,1,2,1,3,2,3,0,0,0,0,1,2,0,2,3,0,3,1,3,0,1,1,0,3,2,1,1,3,2,2,0,3,0,1,2,1,2,1,1,3,3,0,2,2,2,3,2,2,3,3,0,0,3,1,2,2,3,2,0,0,0,3,0,2,2,1,3,3,1,0,2,1,1,3,1,1,2,3,2,0,2,0,1,2,0,1,0,3,3,1,1,3,0,2,2,3,2,1,1,0,0,3,0,3,2,3,3,0,2,1,1]
cost:1
reward:0
reward_amount:[0.5,0.5,0.5,0.5,0.5,0.5,0.5,0.5,0.5,0.5,0.5,0.5,0.5,0.5,0.5,0.5,0.5,0.5,0.5,0.5,0.5,0.5,0.5,0.5,0.5,0.5,0.5,0.5,0.5,0.5,0.5,0.5,0.5,0.5,0.5,0.5,0.5,0.5,0.5,0.5,0.5,0.5,0.5,0.5,0.5,0.5,0.5,0.5,0.5,0.5,0.5,0.5,0.5,0.5,0.5,0.5,0.5,0.5,0.5,0.5,0.5,0.5,0.5,0.5,0.5,0.5,0.5,0.5,0.5,0.5,0.5,0.5]
