decision:1
size:0
numberOfTrials:12
numberOfBlocks:6
numberOfInstances:36
numberOfSaccadeTrials:60
numberOfSaccadeBlocks:4
cost_digits:[9,480597,590421,632781,958672,6,194876,934510,8,2,629834,843579,836045,841923,7,806134,3,3,534986,2,538692,5,5,3,709483,9,8,723168,174835,1,6,1,8,4,635829,537812,145630,8,1,7,659410,502816,9,6,289103,8,926830,482601,1,945283,3,6,6,324618,9,276315,6,895342,8,8,350628,7,968572,780235,547039,2,861904,367509,8,2,250789,367528]
instanceRandomization:[32,34,10,25,15,3,24,11,4,26,36,16,2,27,33,21,7,8,13,18,29,35,9,5,1,30,22,20,19,23,31,12,28,14,6,17,8,6,16,20,31,26,34,2,23,27,7,12,17,32,24,19,29,33,25,18,1,9,36,15,5,11,14,35,28,21,22,3,10,13,30,4]
ITI:[7,5,5,6,6,7,5,6,5,7,7,6,6,7,6,6,5,5,7,6,5,7,7,5,5,7,7,5,6,6,6,5,5,6,7,7,5,6,7,5,6,5,7,6,6,5,7,7,7,5,5,6,7,6,5,5,6,7,6,7,6,5,7,7,5,7,5,6,6,5,6,7]
SaccadeITI:[1.22075895036493,1.12030641225089,1.45801581794318,0.594427164438336,0.927297574495121,0.802435330608084,0.860299184945567,1.08688678688292,1.02013645067733,1.49899208734666,1.38214164253247,1.29749491184872,0.520549192586138,1.24729904395451,0.6283002668332,0.839870267574831,0.582561655695705,1.45989538778473,1.01140607989316,0.709301129709153,0.727069224025278,0.649644040762602,1.16270351924856,1.49997661544864,0.671444562523781,1.25478753659797,0.608251070863723,1.21400691385303,1.11168015262034,0.53321900384423,0.596830241874947,0.520480003700747,1.44974114236344,0.671956155243485,0.710399923873289,1.09016091239561,0.708660108995779,0.940568302785202,1.42739635871646,1.28175548513342,0.939983744434236,1.36159733895135,1.47610028579754,0.525369547567486,1.07726618068215,0.727219071732058,1.03726526934576,1.0831353247903,1.28879479717386,0.762247335192903,0.54875800528486,1.23552116125744,1.28548028369357,1.06856538497765,1.21549619946551,1.30944201143381,1.50333791578111,0.749747198800712,0.777767542311146,0.927798788090392]
SaccadeRandomization:[1,3,1,2,1,3,2,1,3,3,1,2,0,0,1,0,3,2,2,1,3,3,2,0,0,0,0,1,3,1,2,0,2,1,3,3,3,2,2,1,0,1,3,1,2,3,0,3,2,1,3,1,0,2,0,0,0,0,2,2,3,0,0,2,0,1,1,2,3,3,3,3,3,3,2,2,1,1,0,0,0,2,0,0,2,3,3,3,2,0,1,2,2,1,1,3,1,2,3,0,1,1,0,2,3,0,2,1,0,1,1,3,0,1,2,0,2,2,3,1,1,3,0,1,0,3,2,1,2,0,1,3,2,1,1,3,1,0,1,0,1,0,0,2,2,2,2,0,0,0,3,3,0,1,2,2,1,2,1,2,3,2,2,1,1,0,3,2,3,3,0,1,0,0,3,3,3,3,2,3,1,2,1,0,3,1,0,0,3,2,3,0,1,3,3,2,3,0,0,0,3,0,1,3,1,2,0,1,2,0,2,2,2,1,1,0,2,1,3,3,2,0,3,1,0,3,2,1,1,3,3,1,0,3,1,2,0,2,2,2]
cost:1
reward:0
reward_amount:[0.5,0.5,0.5,0.5,0.5,0.5,0.5,0.5,0.5,0.5,0.5,0.5,0.5,0.5,0.5,0.5,0.5,0.5,0.5,0.5,0.5,0.5,0.5,0.5,0.5,0.5,0.5,0.5,0.5,0.5,0.5,0.5,0.5,0.5,0.5,0.5,0.5,0.5,0.5,0.5,0.5,0.5,0.5,0.5,0.5,0.5,0.5,0.5,0.5,0.5,0.5,0.5,0.5,0.5,0.5,0.5,0.5,0.5,0.5,0.5,0.5,0.5,0.5,0.5,0.5,0.5,0.5,0.5,0.5,0.5,0.5,0.5]
