decision:1
size:0
numberOfTrials:12
numberOfBlocks:6
numberOfInstances:36
numberOfSaccadeTrials:60
numberOfSaccadeBlocks:4
cost_digits:[350628,289103,806134,861904,945283,968572,8,7,659410,934510,629834,632781,276315,6,367509,895342,8,926830,8,2,194876,635829,8,7,9,1,480597,2,1,6,6,8,1,6,780235,3,7,3,8,324618,538692,174835,145630,4,537812,9,2,482601,1,8,5,250789,836045,3,9,843579,709483,502816,958672,6,2,367528,590421,547039,841923,8,3,9,534986,6,723168,5]
instanceRandomization:[5,23,21,22,32,14,28,20,31,11,36,25,18,2,3,9,27,7,15,26,24,6,10,33,30,16,34,13,12,19,1,4,17,29,35,8,11,24,6,33,29,19,8,14,17,25,18,12,23,36,9,30,2,7,32,16,1,26,15,3,21,4,10,28,27,22,5,34,13,31,20,35]
ITI:[7,5,7,6,5,6,5,6,6,7,7,5,5,6,6,7,5,7,5,7,5,6,7,6,7,6,7,5,7,5,6,6,5,6,5,7,6,6,5,7,5,5,5,6,7,7,7,6,5,6,5,6,6,7,5,7,6,5,7,7,5,6,5,6,7,5,5,7,7,6,7,6]
SaccadeITI:[0.915559648462416,0.611818377087669,1.24089242626991,0.83895928801115,1.14849842495363,0.72053833391595,1.16425738615993,1.40965539558868,1.128346504337,0.682237412241132,1.17284585714418,0.941349792220475,0.722033976037831,0.956311539673091,0.582974356059761,0.754492261606113,0.791233263603256,1.41774798968884,1.32475618079382,1.32409010703753,0.893110878924684,1.24162827354933,1.21923007529307,0.931084484021024,1.22277886948626,1.36898156387809,1.02662126177068,0.835883024307744,1.22797447668466,0.894184329706089,1.24015672846775,0.919783316246079,1.40249481626864,1.40511379802677,1.06664349806573,1.39967064482238,1.34103279623281,0.645402538283573,1.06464873014096,0.931932685124533,0.563535449952663,1.39444908538911,0.868959892700271,0.426529322444306,0.985309101334618,0.690968207941235,0.800726345666529,1.25856334685426,1.17713637130413,1.13136871105138,0.949513909798892,0.759429901997404,0.734031423619793,0.616250504665853,0.494936308749796,0.986723203603954,1.28223024394441,0.698679614039914,0.830258398708732,1.22344534603956]
SaccadeRandomization:[1,0,0,2,1,3,0,0,1,3,1,3,0,3,3,1,1,0,0,2,0,3,3,3,0,1,0,2,2,3,1,2,2,2,3,0,2,3,0,1,1,0,3,3,2,1,2,1,0,1,1,2,0,2,1,2,2,2,3,3,1,3,1,1,0,0,3,0,2,3,3,0,1,2,1,0,3,3,0,0,3,2,0,2,2,1,1,3,3,0,0,1,3,0,2,1,2,2,1,2,1,2,3,3,0,0,1,3,3,1,2,1,2,2,0,1,2,0,2,3,2,3,2,3,3,0,0,2,1,3,1,3,2,0,0,0,2,1,1,2,0,2,1,1,2,0,0,3,3,0,2,3,1,3,3,2,0,3,2,2,0,1,3,1,1,1,2,1,3,3,2,3,0,2,1,1,0,0,1,0,2,3,3,2,0,3,1,2,1,2,2,0,3,0,0,3,1,1,1,1,2,0,3,3,1,3,3,0,1,3,1,2,0,3,0,1,3,1,1,0,2,2,1,1,2,0,0,2,0,0,3,2,0,1,2,0,2,3,2,3]
cost:1
reward:0
reward_amount:[0.5,0.5,0.5,0.5,0.5,0.5,0.5,0.5,0.5,0.5,0.5,0.5,0.5,0.5,0.5,0.5,0.5,0.5,0.5,0.5,0.5,0.5,0.5,0.5,0.5,0.5,0.5,0.5,0.5,0.5,0.5,0.5,0.5,0.5,0.5,0.5,0.5,0.5,0.5,0.5,0.5,0.5,0.5,0.5,0.5,0.5,0.5,0.5,0.5,0.5,0.5,0.5,0.5,0.5,0.5,0.5,0.5,0.5,0.5,0.5,0.5,0.5,0.5,0.5,0.5,0.5,0.5,0.5,0.5,0.5,0.5,0.5]
