decision:1
size:0
numberOfTrials:12
numberOfBlocks:6
numberOfInstances:36
numberOfSaccadeTrials:60
numberOfSaccadeBlocks:4
cost_digits:[2,806134,480597,8,3,9,659410,635829,289103,7,482601,3,629834,8,723168,2,1,537812,6,590421,6,194876,5,547039,174835,632781,926830,5,8,324618,861904,9,968572,6,6,2,2,3,367528,895342,7,250789,7,1,9,276315,841923,4,538692,8,836045,8,502816,534986,3,350628,934510,1,6,958672,9,145630,6,8,1,780235,8,945283,367509,709483,8,843579]
instanceRandomization:[26,21,34,4,8,32,31,6,23,11,12,5,36,15,20,13,16,17,3,10,1,24,9,28,19,25,7,35,27,33,22,30,14,29,2,18,21,7,4,9,33,30,20,23,25,18,27,14,29,36,2,10,26,13,24,5,11,17,31,15,34,8,19,22,12,35,6,32,3,1,28,16]
ITI:[6,7,5,6,5,5,7,6,5,7,6,7,5,6,5,5,6,6,7,5,7,7,6,7,5,7,6,7,6,5,7,6,6,5,7,5,7,7,6,5,7,5,6,6,7,6,5,5,6,6,6,5,7,5,7,5,5,7,7,6,5,6,6,5,6,5,7,6,7,5,7,7]
SaccadeITI:[0.934630330236784,1.32070647837051,1.02828995073602,0.859122340385026,1.40676553622276,1.36849026549996,1.12380956514195,0.682831063451401,0.657768839322186,0.871191287230855,1.37399266874806,0.970755800422436,1.08849718403459,0.962816411679766,1.11978607001171,1.01667917827532,1.36438932810367,1.03794114087165,1.39771481375598,0.63869413715244,1.30160963656769,1.17447501682133,0.477766088260493,0.67222445672766,0.960541262341818,0.723025117119929,0.726682073719955,0.822038448233313,0.980017521003416,0.766788716478428,1.06193481926263,0.783355805374837,0.867002551261491,0.709481915975145,1.20713242870212,1.00694349552893,0.9977287431752,1.25481296265886,0.479761182148165,1.29610048053243,0.642868653688735,0.84170336490885,1.11973174177498,1.23856932535224,1.11914999182724,1.33227198529445,1.39374065287799,0.72549929288604,0.556697180545113,1.03387766988405,1.08814359438062,1.27466486981527,1.1560318237675,1.107995951133,0.905052611189118,0.882416615545905,0.488376989545456,1.39577948074245,0.862115767136371,1.3410173261577]
SaccadeRandomization:[0,2,2,1,0,1,1,3,0,3,3,2,2,0,3,2,1,1,3,3,2,0,1,0,3,1,1,0,0,3,2,2,3,3,1,3,3,3,1,0,0,2,1,0,0,2,2,1,0,1,2,1,2,1,3,0,2,0,2,3,3,2,1,0,3,1,2,3,3,1,2,2,0,0,2,2,2,1,2,1,3,3,2,2,1,3,2,1,0,1,3,1,1,3,0,2,3,3,0,1,1,0,0,2,3,3,3,0,1,0,2,3,0,0,0,0,1,0,1,2,3,1,3,0,0,2,3,1,2,3,1,3,1,3,0,2,1,0,3,3,2,2,2,1,1,3,2,2,0,0,0,0,3,1,2,3,2,0,3,2,3,0,1,1,2,2,0,3,2,2,1,0,3,0,1,1,0,0,1,1,2,2,0,3,2,2,2,1,3,0,3,1,3,3,1,1,0,0,1,3,0,3,0,0,0,2,0,1,0,2,1,3,1,3,2,1,0,1,1,3,2,3,2,1,1,0,1,1,3,0,3,0,2,2,2,2,2,0,3,3]
cost:1
reward:0
reward_amount:[0.5,0.5,0.5,0.5,0.5,0.5,0.5,0.5,0.5,0.5,0.5,0.5,0.5,0.5,0.5,0.5,0.5,0.5,0.5,0.5,0.5,0.5,0.5,0.5,0.5,0.5,0.5,0.5,0.5,0.5,0.5,0.5,0.5,0.5,0.5,0.5,0.5,0.5,0.5,0.5,0.5,0.5,0.5,0.5,0.5,0.5,0.5,0.5,0.5,0.5,0.5,0.5,0.5,0.5,0.5,0.5,0.5,0.5,0.5,0.5,0.5,0.5,0.5,0.5,0.5,0.5,0.5,0.5,0.5,0.5,0.5,0.5]
