decision:1
size:0
numberOfTrials:12
numberOfBlocks:6
numberOfInstances:36
numberOfSaccadeTrials:60
numberOfSaccadeBlocks:4
cost_digits:[3,9,7,534986,2,8,8,632781,895342,537812,3,4,843579,8,8,3,6,367528,635829,8,538692,945283,659410,8,1,9,289103,723168,502816,6,836045,174835,145630,276315,934510,5,350628,8,324618,926830,6,958672,9,2,2,7,7,547039,6,5,590421,482601,780235,861904,8,194876,250789,841923,2,9,480597,629834,367509,709483,968572,6,806134,3,6,1,1,1]
instanceRandomization:[24,34,33,13,21,15,28,25,9,17,5,14,16,27,36,7,1,4,6,10,29,32,31,22,12,30,23,20,26,3,2,19,8,18,11,35,5,4,33,7,29,15,25,18,13,20,11,28,19,9,10,12,35,22,6,24,30,27,26,32,34,36,3,1,14,31,21,8,2,23,17,16]
ITI:[6,5,7,6,7,5,6,5,6,7,5,7,7,6,7,6,7,5,5,5,5,7,6,6,6,5,7,7,6,6,7,5,5,7,5,6,6,7,7,6,5,7,5,5,6,7,6,5,6,6,7,6,5,7,5,5,7,6,7,5,6,6,7,5,6,6,7,5,7,7,5,5]
SaccadeITI:[1.27860727041649,1.01331210389423,0.801862438643972,1.39006912379215,1.24374990511375,1.50686861897508,0.523417703310649,1.27130349396418,1.29428627432014,1.13874294466029,1.06421015292096,0.625632347740854,0.965444713334243,0.563238248896475,1.26519025277036,0.92107083342659,0.93419767517286,0.879014889678607,0.917633571630965,1.17353128894853,1.20920568352255,0.805127087483803,1.17251372497218,0.662393186443175,0.89086118034708,1.20876779194611,0.958743995955835,1.17249566383349,0.702839313975225,0.871915472407515,1.31345621167372,1.50424805466707,1.01069928027379,0.578376802817608,0.854609240746746,1.14182151199008,0.843976380505289,1.07943522624361,0.536628153609733,1.12709606389205,0.821262675772111,1.25846549586083,0.732237993708501,0.551086045304934,1.26821986745733,0.909301007833953,1.28741732539299,1.34130958813863,0.693393516090388,1.32999050544264,1.28705073633852,0.529795556530977,0.858463680806259,0.595437897105391,0.587928623162831,1.13918560926492,1.22071554904493,0.981973154904942,0.904586708607773,1.28558458431313]
SaccadeRandomization:[1,3,0,1,1,0,0,3,0,2,1,1,3,2,0,2,2,2,3,1,2,3,3,0,1,1,0,0,3,0,1,3,3,3,0,1,0,1,3,2,0,2,2,2,3,1,3,2,3,1,0,3,2,0,2,2,1,1,2,0,3,0,2,3,2,2,1,2,0,3,1,2,1,1,3,3,1,0,0,2,3,0,2,1,1,3,3,1,0,0,2,0,2,3,3,1,0,2,1,1,3,1,2,0,0,2,0,0,1,3,2,0,3,0,2,3,2,3,1,1,1,1,2,3,1,3,0,1,0,3,1,2,0,3,0,0,2,0,3,1,3,3,1,3,0,2,2,2,1,2,0,1,0,1,3,3,0,2,1,3,1,2,1,2,2,3,2,0,1,2,2,1,3,0,0,3,3,0,0,2,1,2,0,2,1,0,2,1,0,3,2,3,3,2,0,0,0,0,2,1,1,1,2,0,3,2,1,1,2,3,1,0,1,2,2,3,1,0,3,3,0,3,3,1,2,1,3,2,0,2,0,0,3,3,3,2,1,0,1,3]
cost:1
reward:0
reward_amount:[0.5,0.5,0.5,0.5,0.5,0.5,0.5,0.5,0.5,0.5,0.5,0.5,0.5,0.5,0.5,0.5,0.5,0.5,0.5,0.5,0.5,0.5,0.5,0.5,0.5,0.5,0.5,0.5,0.5,0.5,0.5,0.5,0.5,0.5,0.5,0.5,0.5,0.5,0.5,0.5,0.5,0.5,0.5,0.5,0.5,0.5,0.5,0.5,0.5,0.5,0.5,0.5,0.5,0.5,0.5,0.5,0.5,0.5,0.5,0.5,0.5,0.5,0.5,0.5,0.5,0.5,0.5,0.5,0.5,0.5,0.5,0.5]
