decision:1
size:0
numberOfTrials:12
numberOfBlocks:6
numberOfInstances:36
numberOfSaccadeTrials:60
numberOfSaccadeBlocks:4
cost_digits:[806134,145630,2,367528,8,723168,861904,3,9,7,480597,547039,8,6,350628,1,1,632781,934510,4,6,945283,2,1,659410,709483,841923,502816,482601,6,3,8,538692,895342,8,5,780235,5,2,7,968572,3,534986,8,590421,8,2,958672,3,324618,194876,629834,926830,843579,6,9,1,635829,836045,367509,289103,9,276315,7,537812,9,174835,8,6,8,250789,6]
instanceRandomization:[21,8,13,4,15,20,22,24,30,33,34,28,10,3,5,23,16,25,11,14,2,32,18,17,31,1,27,26,12,19,7,6,29,9,36,35,35,9,26,20,14,5,13,22,10,28,21,15,8,33,24,36,7,16,31,34,12,6,2,3,23,25,18,11,17,32,19,27,1,4,30,29]
ITI:[5,7,6,5,5,6,7,6,7,6,5,7,6,5,6,6,7,6,5,7,7,5,5,7,7,6,6,7,5,6,7,7,5,5,5,6,5,5,6,7,6,6,7,7,5,6,7,5,7,5,5,6,5,6,7,7,5,7,6,6,7,7,6,7,6,5,6,5,5,7,5,6]
SaccadeITI:[1.4706634502237,0.892624918169652,0.834711742618432,0.62721073863407,0.729567503587653,0.949485566730921,0.688458038292204,0.676295555227747,1.30623707527605,1.07686932946866,0.744289084368696,0.719435414563244,1.13209949436908,0.875087195805584,1.43388406516363,1.11260079944817,0.919037512534608,1.26984079511215,0.623258958368873,0.571166944488262,1.26808718548467,1.23406144793456,1.31854751150434,1.3328710359366,0.585883279362073,1.0653041408242,1.35298411714224,0.952658244439711,0.850585662790885,0.947015107407545,0.565595806607356,0.543380925695722,1.06875116334607,1.26861834529166,1.11878289425125,0.520506353614231,0.678029767501478,0.765016563500588,1.4578379679316,1.00594114189347,0.918483478979518,1.11733940596071,1.21320889194806,1.44413596487915,1.44540660645192,0.54387444749785,1.09647203589169,1.11230799326052,1.0208092653503,1.18322315209856,1.06916278999609,0.60359717629229,1.41197207200651,0.77002357042705,0.925102829265719,0.972411452590798,1.2892907369261,0.937170757943143,1.09078152317864,1.28194300414373]
SaccadeRandomization:[0,1,1,1,3,0,0,1,0,1,0,0,3,3,1,2,1,1,3,2,1,3,3,2,0,3,2,3,2,0,1,1,2,2,1,3,0,3,2,0,2,3,3,2,0,1,1,2,1,3,2,0,2,2,3,0,0,0,2,3,2,1,0,0,3,2,0,1,3,1,2,0,2,2,2,2,1,1,2,2,3,0,3,1,3,2,1,3,1,2,1,3,1,3,3,3,2,0,3,1,0,0,1,1,0,2,2,0,0,3,0,0,2,1,3,1,3,3,0,0,1,1,1,3,3,2,0,3,2,3,2,2,3,3,3,1,3,0,1,1,3,3,0,2,1,0,3,2,0,3,0,2,0,2,1,1,1,2,0,0,2,1,2,1,0,3,2,0,2,2,1,3,1,0,0,0,2,3,0,1,1,0,0,2,3,1,1,3,3,3,3,0,1,0,0,0,2,2,0,2,1,2,3,1,2,3,1,1,3,0,1,1,3,3,3,0,1,2,2,1,0,1,2,0,0,3,2,2,2,2,1,0,0,3,2,2,1,3,0,3]
cost:1
reward:0
reward_amount:[0.5,0.5,0.5,0.5,0.5,0.5,0.5,0.5,0.5,0.5,0.5,0.5,0.5,0.5,0.5,0.5,0.5,0.5,0.5,0.5,0.5,0.5,0.5,0.5,0.5,0.5,0.5,0.5,0.5,0.5,0.5,0.5,0.5,0.5,0.5,0.5,0.5,0.5,0.5,0.5,0.5,0.5,0.5,0.5,0.5,0.5,0.5,0.5,0.5,0.5,0.5,0.5,0.5,0.5,0.5,0.5,0.5,0.5,0.5,0.5,0.5,0.5,0.5,0.5,0.5,0.5,0.5,0.5,0.5,0.5,0.5,0.5]
