decision:1
size:0
numberOfTrials:12
numberOfBlocks:6
numberOfInstances:36
numberOfSaccadeTrials:60
numberOfSaccadeBlocks:4
cost_digits:[289103,1,1,895342,3,534986,9,8,5,367509,629834,6,8,806134,8,8,7,145630,9,324618,7,6,482601,480597,538692,8,836045,958672,6,968572,926830,367528,9,2,276315,194876,843579,1,2,632781,3,934510,7,350628,6,502816,3,250789,6,9,590421,723168,861904,537812,8,635829,945283,709483,5,659410,8,3,1,2,841923,6,8,780235,2,547039,4,174835]
instanceRandomization:[23,17,16,9,5,13,30,6,35,3,36,31,22,21,10,27,11,8,25,33,20,19,12,34,29,28,2,15,1,14,7,4,32,26,18,24,16,12,18,25,8,11,33,5,3,26,7,30,29,34,10,20,22,17,15,6,32,1,9,31,4,24,23,13,27,2,36,35,21,28,14,19]
ITI:[6,6,5,6,5,7,7,6,7,5,7,5,5,5,6,6,7,7,5,5,7,6,6,7,5,5,7,5,6,6,7,6,5,6,7,7,7,6,6,7,7,5,5,6,7,5,6,5,6,5,7,6,5,7,5,6,7,5,7,6,5,6,7,7,7,6,5,5,5,6,6,7]
SaccadeITI:[1.19254233417644,1.196401199648,1.16119113643266,0.631075737388649,1.3568518092817,0.690486734356576,1.20039429245129,1.35796258397944,0.532897910192454,0.547627972062522,1.02130189081266,0.78673119362987,0.568044388057509,1.28120559113643,1.464871660197,0.654182247906768,1.24750289888664,0.976815230302357,0.526758762165749,0.800829229499989,0.582471072297388,0.936860903953978,0.988110030857691,1.31834767814338,0.787209900650972,0.935093383394026,1.22412624498441,0.550979789435708,1.48018160052209,0.997943826109016,1.29009767910078,0.746327929986486,1.23020995440505,1.45581667786076,0.615167211131969,0.776065685409897,1.16854140683621,1.05428178198248,0.591274943990478,1.34006673944726,1.20483484221234,1.41954356114923,0.656703963965022,1.30022138342805,1.16800977810829,1.15504415481895,0.55610249270297,0.905012801145979,1.10375400851093,0.749289448695102,0.677307690350184,0.757188639692807,1.32530640004746,1.13216213541649,1.45323809175364,0.690782396212065,1.30337377599984,1.43458240185476,0.576882569907078,1.1658102209641]
SaccadeRandomization:[3,2,1,3,2,1,1,1,0,2,3,0,2,3,1,0,0,0,1,0,1,1,3,3,3,3,2,2,3,2,1,2,1,1,1,0,2,0,2,0,1,3,2,2,1,0,2,0,3,0,3,3,3,1,0,3,0,2,2,0,3,1,2,1,2,1,0,3,1,0,3,3,2,0,0,3,0,1,0,0,3,3,3,2,3,0,2,3,2,3,3,2,1,0,1,0,1,1,2,2,2,3,2,2,1,2,2,0,1,1,0,3,1,2,1,0,3,1,0,0,1,1,3,1,2,1,3,3,3,3,0,1,2,3,2,1,3,2,2,0,0,2,0,1,1,0,3,3,2,0,0,1,0,1,3,2,0,1,2,0,0,2,3,2,0,3,2,2,0,3,0,2,3,1,1,0,1,3,2,1,3,1,2,3,2,3,2,1,3,1,1,2,0,0,2,2,0,0,3,2,2,0,2,1,3,3,3,2,1,1,3,2,2,1,3,0,3,0,1,1,0,3,3,3,0,1,1,3,1,2,0,1,0,0,1,2,0,2,0,0]
cost:1
reward:0
reward_amount:[0.5,0.5,0.5,0.5,0.5,0.5,0.5,0.5,0.5,0.5,0.5,0.5,0.5,0.5,0.5,0.5,0.5,0.5,0.5,0.5,0.5,0.5,0.5,0.5,0.5,0.5,0.5,0.5,0.5,0.5,0.5,0.5,0.5,0.5,0.5,0.5,0.5,0.5,0.5,0.5,0.5,0.5,0.5,0.5,0.5,0.5,0.5,0.5,0.5,0.5,0.5,0.5,0.5,0.5,0.5,0.5,0.5,0.5,0.5,0.5,0.5,0.5,0.5,0.5,0.5,0.5,0.5,0.5,0.5,0.5,0.5,0.5]
