decision:1
size:0
numberOfTrials:12
numberOfBlocks:6
numberOfInstances:36
numberOfSaccadeTrials:60
numberOfSaccadeBlocks:4
cost_digits:[7,2,1,367528,723168,2,590421,9,843579,8,709483,9,8,968572,8,3,945283,276315,3,482601,5,934510,367509,926830,629834,480597,5,6,534986,836045,8,6,1,6,194876,958672,8,2,289103,8,806134,1,324618,537812,350628,861904,3,780235,6,8,6,547039,7,632781,250789,145630,2,9,8,9,659410,635829,4,7,3,174835,502816,841923,1,895342,6,538692]
instanceRandomization:[33,21,23,4,20,26,10,25,16,27,1,30,6,14,28,8,32,18,5,12,35,11,3,7,36,34,9,19,13,2,22,29,17,31,24,15,36,18,23,10,21,12,33,17,5,22,24,35,2,4,1,28,20,25,30,8,13,32,15,34,31,6,14,11,7,19,26,27,16,9,3,29]
ITI:[7,6,6,7,7,5,7,5,5,6,6,5,5,6,5,7,7,5,7,6,5,6,6,7,5,6,6,6,6,5,5,7,7,7,5,7,6,7,5,7,7,5,6,6,7,5,6,5,5,5,6,6,6,6,7,7,7,5,5,7,5,6,6,5,5,6,7,7,7,5,7,6]
SaccadeITI:[0.624902373808436,1.41064424922224,1.32601838691626,1.41517019590829,0.880571280769072,1.35257031458896,1.02171807822306,1.14125178351533,1.14227436988149,1.29194643388037,1.34852409332525,1.2109910411993,0.520365521940403,1.40140349084977,0.492673451011069,1.41255852596369,0.626207205164246,0.799432121147402,1.16938871836755,0.678824254241772,0.763909904682077,1.07732843903359,1.17156304807868,0.50345026042778,0.616935893823393,0.745639043091796,1.25644494609442,0.499609848880209,1.29062464709859,0.600218210997991,0.792081460519694,1.30135983035434,0.942298594792373,0.49713866498787,0.650761254294775,1.1519862429006,1.33707768230233,0.815477495011873,0.590485091716982,0.594965582643636,0.766554652876221,0.505419145035557,1.35598198317457,1.35633901872206,1.35621514001396,1.39936441618484,0.761149739311077,1.33084761949722,1.07886084022466,0.739766025845893,1.23590484673623,1.31704754864331,1.08657411385793,1.22669764228631,1.30207022877876,0.819462422444485,1.37184305016417,0.75836637376342,0.531435356172733,1.23330780460965]
SaccadeRandomization:[3,0,0,3,2,1,2,0,2,3,0,1,0,1,2,0,2,2,2,0,0,3,3,3,1,1,2,0,3,1,0,2,2,1,0,3,1,0,2,1,3,3,1,2,0,3,2,2,1,3,3,0,1,1,0,3,3,1,2,1,2,0,0,2,3,3,1,2,2,3,0,3,0,0,2,3,2,0,2,0,0,2,3,3,1,0,3,3,1,3,1,0,3,1,2,1,1,1,1,0,1,1,1,3,1,0,0,2,2,1,0,2,2,2,3,2,3,1,0,3,2,1,0,3,3,3,3,0,1,3,1,2,3,2,0,0,0,1,2,3,1,1,3,0,0,1,1,0,0,2,3,1,2,3,0,1,2,3,1,2,3,3,2,1,1,0,3,2,1,1,2,2,0,3,0,2,0,0,2,2,2,3,1,1,1,3,0,3,0,1,3,3,0,3,3,2,2,0,0,2,2,0,1,2,2,1,0,1,3,1,1,3,3,2,2,2,1,3,2,1,0,1,1,0,0,2,0,1,2,3,1,0,3,2,0,2,3,0,3,0]
cost:1
reward:0
reward_amount:[0.5,0.5,0.5,0.5,0.5,0.5,0.5,0.5,0.5,0.5,0.5,0.5,0.5,0.5,0.5,0.5,0.5,0.5,0.5,0.5,0.5,0.5,0.5,0.5,0.5,0.5,0.5,0.5,0.5,0.5,0.5,0.5,0.5,0.5,0.5,0.5,0.5,0.5,0.5,0.5,0.5,0.5,0.5,0.5,0.5,0.5,0.5,0.5,0.5,0.5,0.5,0.5,0.5,0.5,0.5,0.5,0.5,0.5,0.5,0.5,0.5,0.5,0.5,0.5,0.5,0.5,0.5,0.5,0.5,0.5,0.5,0.5]
