decision:1
size:0
numberOfTrials:12
numberOfBlocks:6
numberOfInstances:36
numberOfSaccadeTrials:60
numberOfSaccadeBlocks:4
cost_digits:[806134,8,6,480597,502816,836045,659410,7,3,534986,2,8,289103,250789,9,194876,968572,926830,8,780235,350628,8,5,958672,6,629834,934510,632781,6,6,1,8,1,7,8,482601,9,861904,367528,945283,4,7,2,3,895342,9,1,9,145630,8,276315,6,2,709483,547039,843579,723168,3,635829,2,8,5,537812,538692,1,6,841923,367509,3,174835,590421,324618]
instanceRandomization:[21,27,1,34,26,2,31,20,8,13,18,6,23,30,32,24,14,7,22,35,5,28,9,15,19,36,11,25,3,29,17,10,16,33,4,12,34,22,4,32,14,11,26,5,9,30,23,25,8,15,18,31,13,1,28,16,20,24,6,21,36,35,17,29,12,2,27,3,7,19,10,33]
ITI:[5,5,6,7,6,7,6,5,5,6,7,7,7,5,6,5,5,5,6,7,7,6,6,7,5,5,5,6,6,7,7,5,7,7,6,6,7,7,5,5,6,5,6,5,7,6,7,6,7,5,6,5,6,6,6,5,5,7,7,7,7,5,6,7,6,6,7,5,5,5,7,6]
SaccadeITI:[0.93952094122457,0.634474676443885,0.888360530479501,0.872083254965643,0.785679789368684,0.966887670444946,0.627206992466624,1.26510179379645,0.7887303483362,1.37236176674875,1.3613923202424,0.849720906109239,1.36404404101583,0.751408567760761,1.12557742895248,0.660481943624715,0.965465122476841,0.649495261829967,1.39314495829555,0.957555836175258,0.627597902078802,0.72973431168745,0.977270069873581,0.96436961844253,1.07939112057599,1.19145921116384,0.625701674601684,0.874389504656817,1.13515925744238,0.810851677895213,0.829663368749122,0.68491232918265,1.03507626882444,1.07232902140046,0.781770862514774,1.40112479949991,0.906925248789291,1.33911242975543,0.887888601158435,0.667599938685695,1.44056316173325,1.11774766968253,1.06212400772298,0.719915883957098,1.43311739584121,0.741418582728753,1.08047746668259,1.16962454176197,1.5193194925009,0.934651124632607,1.36269301326635,1.40360348635974,0.739896068225304,1.02317088899824,1.18269795935291,0.870767064966882,1.08845163264001,0.895400697241227,1.33728024397666,1.03605824999201]
SaccadeRandomization:[3,1,3,1,3,2,1,3,0,0,1,2,3,3,3,1,0,2,3,2,0,1,3,0,2,3,0,1,0,1,2,2,1,0,2,0,2,3,1,2,1,3,3,2,0,1,3,0,2,3,0,2,0,1,2,0,0,2,1,1,3,0,2,3,3,3,2,0,3,2,2,0,2,0,0,1,2,3,1,1,0,3,0,1,2,2,2,1,0,3,3,3,1,1,2,2,0,1,0,1,0,3,1,1,2,0,1,0,2,3,0,3,2,2,1,1,3,3,0,1,1,2,1,1,3,2,2,0,0,2,3,0,3,1,0,3,0,2,2,1,3,2,2,2,0,1,3,1,2,1,0,2,1,0,0,3,1,2,1,1,3,1,3,3,1,0,3,2,3,0,1,0,2,0,3,3,0,3,2,0,3,1,2,2,3,0,1,0,2,1,2,3,3,0,1,1,3,1,2,3,3,0,0,3,3,2,0,2,3,0,2,1,3,1,0,0,1,0,2,3,2,2,1,3,2,0,1,2,2,2,3,0,1,1,0,0,1,0,1,3]
cost:1
reward:0
reward_amount:[0.5,0.5,0.5,0.5,0.5,0.5,0.5,0.5,0.5,0.5,0.5,0.5,0.5,0.5,0.5,0.5,0.5,0.5,0.5,0.5,0.5,0.5,0.5,0.5,0.5,0.5,0.5,0.5,0.5,0.5,0.5,0.5,0.5,0.5,0.5,0.5,0.5,0.5,0.5,0.5,0.5,0.5,0.5,0.5,0.5,0.5,0.5,0.5,0.5,0.5,0.5,0.5,0.5,0.5,0.5,0.5,0.5,0.5,0.5,0.5,0.5,0.5,0.5,0.5,0.5,0.5,0.5,0.5,0.5,0.5,0.5,0.5]
