decision:1
size:0
numberOfTrials:12
numberOfBlocks:6
numberOfInstances:36
numberOfSaccadeTrials:60
numberOfSaccadeBlocks:4
cost_digits:[590421,723168,482601,3,934510,367509,8,5,968572,502816,9,250789,547039,6,9,709483,534986,806134,1,1,8,8,1,174835,3,780235,926830,836045,194876,659410,7,2,8,8,9,8,537812,945283,2,5,6,7,367528,841923,9,289103,2,324618,276315,6,635829,2,3,1,145630,8,7,6,895342,629834,6,480597,843579,958672,3,861904,632781,4,350628,538692,8,6]
instanceRandomization:[10,20,12,5,11,3,22,9,14,26,25,30,28,29,34,1,13,21,17,16,6,27,23,19,8,35,7,2,24,31,33,18,4,36,32,15,17,32,13,35,3,20,4,27,30,23,21,33,18,19,6,26,7,12,8,28,11,31,9,36,2,34,16,15,24,22,25,14,5,29,10,1]
ITI:[5,5,6,7,5,7,6,7,6,5,6,7,5,5,7,6,5,6,6,5,6,7,7,7,7,5,6,5,5,6,7,7,6,7,6,5,5,6,5,5,6,6,7,7,7,6,5,7,5,6,6,6,5,7,7,7,7,5,5,6,6,5,7,5,5,7,7,5,6,7,6,6]
SaccadeITI:[0.812920136951531,0.667641509432966,1.18747668328385,0.664895471992592,1.06656695517401,1.34627310849416,0.811207965590681,0.481537940787772,0.731245196067418,1.13306864641296,1.18282881459842,1.4093122944391,0.972371080533291,0.978625570998217,0.984062633120144,0.885329592150325,1.28024169487568,0.857711225623886,1.11190878843578,1.19428734422351,1.05801396175909,1.26732330873298,0.50866818089659,1.42901380650389,1.41432570467393,1.40920543402123,0.457965633242081,0.915428884203235,0.970348748021449,1.30890182323443,0.671388138194258,0.883049065123002,1.31537373025591,0.841052987721438,0.565055335980529,0.94913977861094,1.14727803633238,0.722983036298926,0.564909692962343,1.19407756311509,1.39507345447006,1.02236393780137,0.953945648732285,0.568338892531271,1.10365239704649,0.813823505180577,1.16944699302937,0.48387436067375,1.42046259144942,1.26921004743005,0.586142762672777,0.743445044492061,1.33341243082347,1.12108281684729,1.42983120807136,1.29196918231125,1.38483865267287,1.21508824766303,0.59617168676729,0.744810636263961]
SaccadeRandomization:[1,1,0,0,2,1,2,2,0,2,2,0,1,0,3,3,1,3,0,3,3,2,0,2,0,2,3,0,2,2,0,2,1,1,0,3,1,3,1,0,1,3,3,2,1,1,2,2,3,3,1,0,2,3,3,0,1,3,0,1,0,3,1,1,3,0,1,2,1,3,1,3,3,2,2,0,2,1,2,2,3,0,1,1,2,2,1,2,1,1,2,2,2,2,2,0,3,0,3,1,3,0,0,0,0,0,3,3,0,3,3,1,1,3,0,0,0,2,3,1,1,0,1,1,3,2,2,3,2,2,0,0,3,2,2,1,0,3,1,3,0,2,3,0,2,0,1,3,1,2,2,0,1,0,3,1,1,0,1,2,3,3,3,0,1,0,3,2,3,1,2,0,1,3,0,1,0,3,2,2,0,2,3,2,3,1,1,3,1,3,2,1,0,2,0,2,1,1,0,2,2,1,3,0,3,2,2,3,0,0,0,1,1,0,3,3,2,1,3,3,2,1,0,0,3,0,0,3,1,1,1,3,1,3,0,2,2,0,2,2]
cost:1
reward:0
reward_amount:[0.5,0.5,0.5,0.5,0.5,0.5,0.5,0.5,0.5,0.5,0.5,0.5,0.5,0.5,0.5,0.5,0.5,0.5,0.5,0.5,0.5,0.5,0.5,0.5,0.5,0.5,0.5,0.5,0.5,0.5,0.5,0.5,0.5,0.5,0.5,0.5,0.5,0.5,0.5,0.5,0.5,0.5,0.5,0.5,0.5,0.5,0.5,0.5,0.5,0.5,0.5,0.5,0.5,0.5,0.5,0.5,0.5,0.5,0.5,0.5,0.5,0.5,0.5,0.5,0.5,0.5,0.5,0.5,0.5,0.5,0.5,0.5]
