decision:1
size:0
numberOfTrials:12
numberOfBlocks:6
numberOfInstances:36
numberOfSaccadeTrials:60
numberOfSaccadeBlocks:4
cost_digits:[3,659410,934510,861904,324618,1,723168,6,635829,6,590421,538692,537812,4,5,250789,9,8,8,9,6,3,8,2,145630,836045,780235,1,806134,1,502816,8,9,194876,276315,367528,289103,1,8,968572,5,7,895342,7,843579,6,2,709483,2,632781,547039,945283,926830,6,350628,841923,174835,9,534986,8,480597,482601,2,8,3,6,8,367509,3,958672,7,629834]
instanceRandomization:[5,31,11,22,33,12,20,1,6,19,10,29,17,14,9,30,25,27,36,34,3,7,15,13,8,2,35,23,21,16,26,28,32,24,18,4,23,17,6,14,35,20,9,11,16,31,26,1,21,25,28,32,7,2,5,27,19,30,13,22,34,12,18,10,24,29,4,3,8,15,33,36]
ITI:[5,7,6,5,6,6,5,7,5,7,6,7,5,5,6,6,7,5,7,7,6,5,7,6,6,5,7,7,5,6,6,7,5,6,7,5,5,6,7,5,6,6,5,7,5,7,6,7,7,6,7,6,5,7,5,5,7,6,6,5,6,6,6,5,6,5,7,7,5,5,7,7]
SaccadeITI:[1.4559876426744,0.887110432532305,1.31938893456633,0.686229587222139,0.694916980263467,0.932405454029019,0.598729478816191,1.19781866452346,0.601514499324063,1.04232576784367,0.756339396272475,0.577748556078101,0.558250147073219,0.695452674214418,1.40409220328244,1.51108700378487,1.04521371812249,0.734865504937867,0.890493702997143,1.48728306863147,1.45362400442051,0.690016673800225,1.31014329536508,0.577845173810298,0.928032444712395,1.3252462145562,0.71621864514115,1.14651435023795,1.30922959201659,1.37093936551052,1.06157059331114,0.986119689807917,0.792603042364741,1.04500608883488,1.18332524776148,1.1906535361583,0.620636840971808,0.761745578298966,0.545026697606469,1.42842624980646,1.34497770892146,1.10476887823703,0.584003762730087,1.20449403176705,0.739193003314237,0.984421956275279,0.72401523628893,1.17837818634386,0.98385050931635,0.742654930256928,1.43453284321974,1.43538819408665,0.583542231858397,0.831340573417644,1.14139576527911,0.643045584593589,1.39100708595167,1.03977714052113,1.04207002806167,1.34696560787658]
SaccadeRandomization:[3,0,3,2,3,3,1,0,2,2,2,3,2,1,0,1,2,2,0,0,2,0,0,3,3,1,1,2,3,1,1,2,1,1,3,1,2,1,1,0,3,0,3,2,3,3,0,1,3,0,0,0,1,0,3,2,0,1,2,2,0,1,2,1,3,0,3,0,0,1,0,2,2,3,2,3,0,2,2,1,1,1,0,0,3,3,3,0,2,3,3,1,0,0,2,2,2,3,2,1,2,2,2,1,1,0,1,3,3,1,0,3,3,1,0,2,1,1,3,0,3,2,1,2,3,1,2,3,1,3,2,3,0,0,1,0,0,2,3,1,0,1,1,1,2,3,0,0,0,2,3,3,3,2,1,1,1,3,2,3,2,2,3,1,0,0,2,0,3,2,0,3,0,2,1,0,1,0,1,2,3,3,1,3,0,2,0,2,3,3,1,0,3,1,3,3,2,0,0,3,2,1,2,2,0,0,2,3,3,1,0,1,1,1,1,2,2,1,3,2,0,2,2,1,0,0,0,3,1,0,1,0,1,2,2,2,3,3,1,0]
cost:1
reward:0
reward_amount:[0.5,0.5,0.5,0.5,0.5,0.5,0.5,0.5,0.5,0.5,0.5,0.5,0.5,0.5,0.5,0.5,0.5,0.5,0.5,0.5,0.5,0.5,0.5,0.5,0.5,0.5,0.5,0.5,0.5,0.5,0.5,0.5,0.5,0.5,0.5,0.5,0.5,0.5,0.5,0.5,0.5,0.5,0.5,0.5,0.5,0.5,0.5,0.5,0.5,0.5,0.5,0.5,0.5,0.5,0.5,0.5,0.5,0.5,0.5,0.5,0.5,0.5,0.5,0.5,0.5,0.5,0.5,0.5,0.5,0.5,0.5,0.5]
