decision:1
size:0
numberOfTrials:12
numberOfBlocks:6
numberOfInstances:36
numberOfSaccadeTrials:60
numberOfSaccadeBlocks:4
cost_digits:[629834,8,9,538692,7,1,1,2,632781,895342,723168,276315,367509,926830,861904,9,1,480597,8,7,3,547039,3,5,482601,968572,6,534986,367528,841923,6,350628,806134,6,6,8,635829,934510,659410,945283,2,537812,8,6,145630,2,6,4,324618,9,5,289103,194876,958672,502816,780235,8,9,2,590421,7,843579,8,3,250789,8,8,174835,709483,836045,3,1]
instanceRandomization:[36,6,30,29,11,16,17,26,25,9,20,18,3,7,22,32,23,34,10,33,8,28,24,35,12,14,1,13,4,27,2,5,21,31,19,15,6,11,31,32,21,17,27,3,8,18,29,14,33,25,9,23,24,15,26,35,4,34,13,10,20,16,28,5,30,22,36,19,1,2,7,12]
ITI:[6,5,7,7,5,6,6,7,5,7,5,6,6,5,6,7,7,5,6,5,7,7,5,6,5,7,5,6,6,7,6,7,5,6,5,7,7,5,6,6,7,5,7,5,7,6,6,5,7,6,5,7,5,7,5,6,6,6,7,5,7,5,7,7,7,6,5,5,5,6,6,6]
SaccadeITI:[0.953737634548452,0.618710114236455,1.09599841114832,0.979701580794063,0.736538842634764,0.90987091496354,1.04205612473888,0.692559956654441,1.29695075339405,1.07419969289331,0.855337601236533,1.173386025324,0.780681186669972,1.4019251638907,1.12066677104449,1.34804993643193,1.36647641923046,1.04670468842378,1.27152093950426,1.43284673205344,1.25295579348458,1.15352264730027,0.908893321955111,0.854805364122149,0.99438406744739,0.735225333215203,1.20267405206105,0.534531937062275,0.83871796549065,1.19605130896671,1.24439692947781,0.750514575128909,1.09084478936857,0.489594588137698,0.946987967786845,0.921105969545897,1.30154001767514,0.806503504363354,1.06931298210984,0.96636600777274,0.911427307722624,1.27433857120341,1.09457690044073,1.05446777920006,0.539742604910862,0.919429523253348,1.31194360445952,0.531493280862924,1.05277298887959,1.41968717015116,1.00250958147226,0.900749252259266,1.10513369188411,1.27741716507589,0.980772574280854,0.640582256333437,1.42049890531925,0.670492184197065,0.819733535486739,0.615382510318887]
SaccadeRandomization:[2,1,3,0,0,3,1,0,0,2,1,2,3,3,0,2,2,0,1,0,3,2,3,2,0,3,0,2,0,3,2,3,2,2,3,1,1,0,3,0,0,1,1,1,1,3,2,1,2,3,3,1,2,1,0,3,2,1,0,1,0,3,1,2,0,1,0,1,1,1,2,3,3,2,2,2,3,3,2,3,0,1,2,0,0,2,2,1,0,0,0,0,1,3,2,3,1,1,2,2,1,1,2,0,0,1,0,2,1,1,2,3,3,0,3,3,3,3,0,3,3,1,3,3,2,2,1,0,2,2,3,3,0,3,1,1,3,3,0,1,1,2,2,3,0,0,0,1,2,2,1,2,0,2,2,2,1,1,0,2,3,0,2,3,0,0,0,0,3,0,1,3,3,0,1,2,1,3,1,1,3,0,1,1,2,3,1,2,1,2,1,1,3,2,2,2,0,3,3,0,3,2,1,1,3,3,0,1,0,2,0,1,2,0,1,0,2,2,1,0,3,1,2,3,1,3,1,0,2,3,0,0,0,2,2,3,0,3,0,3]
cost:1
reward:0
reward_amount:[0.5,0.5,0.5,0.5,0.5,0.5,0.5,0.5,0.5,0.5,0.5,0.5,0.5,0.5,0.5,0.5,0.5,0.5,0.5,0.5,0.5,0.5,0.5,0.5,0.5,0.5,0.5,0.5,0.5,0.5,0.5,0.5,0.5,0.5,0.5,0.5,0.5,0.5,0.5,0.5,0.5,0.5,0.5,0.5,0.5,0.5,0.5,0.5,0.5,0.5,0.5,0.5,0.5,0.5,0.5,0.5,0.5,0.5,0.5,0.5,0.5,0.5,0.5,0.5,0.5,0.5,0.5,0.5,0.5,0.5,0.5,0.5]
