decision:1
size:0
numberOfTrials:12
numberOfBlocks:6
numberOfInstances:36
numberOfSaccadeTrials:60
numberOfSaccadeBlocks:4
cost_digits:[8,324618,843579,2,1,534986,1,968572,926830,8,8,8,6,250789,6,5,2,723168,9,194876,276315,780235,590421,8,145630,350628,6,7,632781,1,6,861904,6,635829,480597,367509,367528,9,2,6,9,8,3,3,836045,9,7,538692,934510,4,958672,659410,8,3,806134,1,629834,3,547039,537812,8,709483,502816,174835,895342,841923,289103,5,2,945283,7,482601]
instanceRandomization:[27,33,16,26,23,13,17,14,7,28,4,15,1,30,29,9,21,20,32,24,18,35,10,36,8,5,31,11,25,12,2,22,19,6,34,3,4,30,18,3,34,10,8,24,2,25,20,29,11,14,15,31,22,5,21,16,36,7,28,17,6,1,26,19,9,27,23,35,13,32,33,12]
ITI:[5,5,7,6,5,7,6,7,6,6,5,7,5,5,6,6,5,6,6,5,7,7,7,7,5,7,5,6,5,6,6,7,5,7,6,7,6,7,5,5,7,6,5,7,6,5,6,7,7,6,6,6,5,6,5,7,5,7,7,5,5,6,6,7,7,5,6,5,6,7,5,7]
SaccadeITI:[1.37266654832056,0.876803668995854,0.971733847481664,0.811242573743221,0.692919200134929,0.963824776781257,0.97136593827745,0.465500981162768,1.32651354054688,0.87400349144591,1.34417566618649,1.39984075779794,0.598287793423515,0.65206245201407,1.20711823933525,1.30494927786058,1.42025614840677,0.805855356471147,1.04236931827618,1.22699829175835,0.774483701062854,0.643654313252773,0.995330133789685,1.06717239095597,1.02629579867935,0.582321496063378,1.17994007848902,1.04283652881859,1.0277063474874,1.40850975302747,0.653414933790919,1.15073846987216,1.25120525303064,0.800892412743997,1.03553235422587,0.675967270124238,1.35500144570833,0.766224231885281,1.27875505326083,0.528982392826583,1.35874647119781,1.3700288965716,0.974156708538067,0.577971492509823,1.17701964228181,0.647671119624283,1.27835060175275,0.981868249445688,1.26646447399398,0.833519024623092,0.597789370769169,0.479828247183468,0.978674285660964,1.17647356431698,1.37942552039167,0.965421393828001,0.933542748063337,0.98166070583975,1.38036139946198,1.08757385642966]
SaccadeRandomization:[1,1,0,1,3,0,3,2,1,0,3,0,0,2,3,0,2,0,1,3,1,1,2,3,1,1,2,3,3,2,1,3,0,2,1,2,3,0,1,0,0,2,3,2,1,3,2,2,0,0,0,3,2,2,3,2,1,3,1,0,0,3,3,3,3,3,2,0,3,1,3,3,2,1,2,0,3,2,3,1,3,1,2,0,1,1,2,1,1,3,2,0,0,2,1,3,1,2,0,1,2,0,0,1,1,2,2,0,2,0,0,1,1,0,2,3,3,0,2,0,3,0,1,0,0,0,1,0,1,0,2,3,1,2,1,3,3,0,1,2,2,1,3,1,2,0,2,2,0,3,2,2,0,1,3,0,2,1,3,3,2,0,2,0,1,3,0,3,2,1,2,0,3,2,3,3,1,1,1,3,1,3,2,0,0,1,2,0,2,1,1,3,3,3,1,3,3,1,0,3,2,3,2,3,0,2,2,0,3,1,0,1,2,1,1,1,3,2,0,2,3,1,2,3,1,1,0,0,0,2,2,0,3,0,2,2,1,0,3,0]
cost:1
reward:0
reward_amount:[0.5,0.5,0.5,0.5,0.5,0.5,0.5,0.5,0.5,0.5,0.5,0.5,0.5,0.5,0.5,0.5,0.5,0.5,0.5,0.5,0.5,0.5,0.5,0.5,0.5,0.5,0.5,0.5,0.5,0.5,0.5,0.5,0.5,0.5,0.5,0.5,0.5,0.5,0.5,0.5,0.5,0.5,0.5,0.5,0.5,0.5,0.5,0.5,0.5,0.5,0.5,0.5,0.5,0.5,0.5,0.5,0.5,0.5,0.5,0.5,0.5,0.5,0.5,0.5,0.5,0.5,0.5,0.5,0.5,0.5,0.5,0.5]
