decision:1
size:0
numberOfTrials:12
numberOfBlocks:6
numberOfInstances:36
numberOfSaccadeTrials:60
numberOfSaccadeBlocks:4
cost_digits:[709483,8,843579,537812,9,5,482601,8,2,934510,3,723168,6,6,926830,9,6,632781,806134,2,367528,958672,4,324618,945283,635829,836045,629834,3,5,534986,538692,8,8,3,1,8,2,6,145630,7,1,276315,841923,590421,8,861904,9,7,250789,367509,194876,7,895342,6,174835,289103,968572,780235,502816,1,9,3,547039,8,659410,350628,6,480597,8,2,1]
instanceRandomization:[1,27,16,17,34,35,12,22,18,11,8,20,3,31,7,30,19,25,21,26,4,15,14,33,32,6,2,36,24,9,13,29,28,10,5,23,4,21,1,8,11,12,18,27,10,36,22,32,33,30,3,24,20,9,29,19,23,14,35,26,16,25,7,28,6,31,5,2,34,15,13,17]
ITI:[7,5,6,7,5,5,6,5,6,7,7,6,7,5,6,7,5,7,5,5,7,6,6,6,7,7,5,5,7,5,6,6,7,6,6,5,6,7,5,6,7,7,5,6,5,7,5,6,6,6,5,6,7,5,5,7,7,5,6,7,5,6,7,7,6,5,7,7,5,5,6,6]
SaccadeITI:[0.79918480264023,0.583098727464676,0.704669241048396,0.889102689642459,0.784770809067413,0.702343541150913,1.2399460835848,0.519642555341125,1.10987199768424,1.06960846036673,0.726705076592043,1.29030086235143,1.27694262396544,1.20404853643849,0.516859062900767,1.2628887034487,1.43984094932675,1.38558191242628,1.47008361732587,1.40829586861655,1.47295964504592,1.22692368105054,1.34784275172278,1.31836123527028,0.918476850679144,0.725761879887432,0.601000504987314,1.09103285563178,0.516950730187818,1.19079367392696,0.803648633603007,1.22438877304085,0.911755945254117,0.598469820758328,0.568184231128544,0.818024533521384,0.57272239048034,0.76077355928719,0.890727843344212,1.22230249335989,1.42933922791854,0.979638149449602,1.41263204622082,1.02803441504948,1.46837599594146,0.596672785887495,0.908724840218201,0.52009032801725,1.26297801658511,1.30090108229779,0.845513767749071,1.48062825803645,0.874186426820234,0.842949705151841,0.88912672358565,1.07378083276562,1.26418159129098,1.05121422484517,0.669754338171333,0.936389090446755]
SaccadeRandomization:[1,3,2,0,0,3,3,3,2,0,2,3,0,0,2,1,2,1,0,2,3,3,3,2,1,3,2,3,3,1,0,1,1,3,0,0,2,1,1,2,0,1,3,1,2,0,0,3,1,2,1,2,2,1,3,2,1,0,0,0,3,3,2,1,1,3,0,2,1,3,2,1,1,2,0,3,2,0,3,1,1,0,3,1,0,2,3,3,0,0,1,0,0,0,3,3,2,0,1,1,1,3,0,3,2,2,2,0,2,2,2,0,1,3,1,2,0,1,3,2,1,1,2,2,3,2,1,0,3,3,2,0,0,0,0,0,3,0,3,1,1,2,3,1,1,1,2,0,0,1,2,3,2,3,2,2,3,0,2,2,2,3,0,2,1,0,0,0,1,3,3,3,1,1,3,3,0,1,2,1,1,2,0,1,0,0,1,0,0,3,2,0,2,3,3,0,0,0,2,1,2,1,3,2,3,3,1,3,2,0,1,2,0,3,1,0,3,3,0,3,2,1,2,1,1,1,2,2,1,3,3,0,2,3,2,1,3,2,1,0]
cost:1
reward:0
reward_amount:[0.5,0.5,0.5,0.5,0.5,0.5,0.5,0.5,0.5,0.5,0.5,0.5,0.5,0.5,0.5,0.5,0.5,0.5,0.5,0.5,0.5,0.5,0.5,0.5,0.5,0.5,0.5,0.5,0.5,0.5,0.5,0.5,0.5,0.5,0.5,0.5,0.5,0.5,0.5,0.5,0.5,0.5,0.5,0.5,0.5,0.5,0.5,0.5,0.5,0.5,0.5,0.5,0.5,0.5,0.5,0.5,0.5,0.5,0.5,0.5,0.5,0.5,0.5,0.5,0.5,0.5,0.5,0.5,0.5,0.5,0.5,0.5]
