decision:1
size:0
numberOfTrials:12
numberOfBlocks:6
numberOfInstances:36
numberOfSaccadeTrials:60
numberOfSaccadeBlocks:4
cost_digits:[945283,534986,2,6,635829,590421,1,250789,6,958672,324618,934510,2,9,480597,145630,289103,6,3,547039,3,8,8,4,5,6,8,8,350628,537812,843579,895342,806134,7,659410,6,780235,8,194876,8,926830,723168,836045,276315,2,841923,174835,9,367528,9,7,1,2,5,6,9,968572,3,538692,632781,629834,709483,3,8,1,502816,8,367509,861904,1,482601,7]
instanceRandomization:[32,13,18,3,6,10,12,30,1,15,33,11,26,25,34,8,23,19,24,28,7,4,22,14,35,2,27,36,5,17,16,9,21,20,31,29,35,28,24,6,7,20,2,18,21,27,19,34,4,32,11,17,13,9,31,30,14,5,29,25,36,1,8,10,23,26,15,3,22,16,12,33]
ITI:[5,5,6,7,7,6,7,5,6,5,7,6,7,5,7,6,6,5,5,6,6,7,5,7,7,6,6,5,5,6,7,7,7,5,5,6,7,6,6,7,5,7,5,5,6,6,7,5,6,7,6,6,7,5,5,7,5,6,5,7,7,6,6,5,6,7,7,5,7,5,6,5]
SaccadeITI:[0.603855877746052,0.65165015575864,0.808198835797763,0.499405869845456,1.11219743369535,0.741404175622544,0.587150824353254,0.69741998995111,1.13916418711112,1.20308690597691,0.768092793509519,0.953187031302756,1.30127514489383,1.204471684158,0.517668522525734,1.42599108382516,0.583456772709421,0.929587936824343,0.946135612534514,1.34183373055809,0.850421469057134,0.674988082474253,1.26817490007185,0.676264993477768,1.41579235098713,1.03836544100583,0.978678190013549,1.36456819679976,1.09462099322506,0.919491062037802,1.47028690167159,1.06777789267168,1.1664514952378,1.35507435477727,0.556044899489886,1.36085915854589,0.787436117049462,0.949375968290648,0.69259957629644,0.734816460268727,1.43776468919047,1.39061836814896,1.19111066088468,1.38944301763938,0.883317841779596,0.972050858525715,1.13395404126883,0.59551958796025,1.20296384869531,0.935438118739209,1.2114179887382,1.18533032979273,1.4530773217363,1.41483938051776,0.515214681722379,1.34326789002322,1.10240181079522,0.51859242618472,1.124934240807,0.561419824700958]
SaccadeRandomization:[1,2,3,2,3,1,3,3,3,1,2,2,2,0,3,1,0,0,1,0,0,2,2,0,3,2,0,3,1,1,2,0,3,1,0,3,3,0,0,1,3,3,3,2,1,1,1,0,0,2,3,2,0,2,2,2,1,1,1,0,0,3,1,0,1,3,0,1,2,2,0,0,1,2,2,1,1,2,3,3,3,0,1,3,0,2,2,3,1,2,1,1,1,3,3,3,2,0,0,3,2,3,1,2,0,0,1,3,2,3,0,0,0,3,2,2,1,2,1,0,2,0,0,0,1,1,2,3,1,2,1,3,3,2,2,0,0,3,1,0,3,3,0,1,2,3,0,3,2,3,3,1,2,3,0,2,1,3,0,3,2,0,1,3,2,1,2,1,1,3,2,1,2,1,2,0,0,1,0,0,3,1,3,3,2,2,0,0,3,0,0,2,1,3,3,2,1,3,2,1,2,0,3,2,1,0,3,0,0,0,0,1,2,2,1,1,0,3,2,2,1,1,1,1,2,3,0,1,0,3,3,0,3,1,2,2,1,2,0,3]
cost:1
reward:0
reward_amount:[0.5,0.5,0.5,0.5,0.5,0.5,0.5,0.5,0.5,0.5,0.5,0.5,0.5,0.5,0.5,0.5,0.5,0.5,0.5,0.5,0.5,0.5,0.5,0.5,0.5,0.5,0.5,0.5,0.5,0.5,0.5,0.5,0.5,0.5,0.5,0.5,0.5,0.5,0.5,0.5,0.5,0.5,0.5,0.5,0.5,0.5,0.5,0.5,0.5,0.5,0.5,0.5,0.5,0.5,0.5,0.5,0.5,0.5,0.5,0.5,0.5,0.5,0.5,0.5,0.5,0.5,0.5,0.5,0.5,0.5,0.5,0.5]
