decision:1
size:0
numberOfTrials:12
numberOfBlocks:6
numberOfInstances:36
numberOfSaccadeTrials:60
numberOfSaccadeBlocks:4
cost_digits:[2,780235,9,6,6,145630,3,174835,502816,659410,861904,1,547039,723168,3,9,1,7,635829,836045,895342,482601,8,2,4,806134,6,367528,3,945283,590421,8,841923,324618,9,1,629834,968572,289103,958672,843579,6,3,8,538692,8,6,8,5,8,8,194876,6,534986,926830,709483,1,250789,2,367509,8,2,7,350628,5,480597,9,934510,276315,7,632781,537812]
instanceRandomization:[13,35,25,3,1,8,7,19,26,31,22,17,28,20,24,30,23,11,6,2,9,12,15,18,14,21,29,4,5,32,10,36,27,33,34,16,36,14,23,15,16,2,8,6,29,22,31,27,9,28,10,24,19,13,7,1,12,30,26,3,4,21,33,5,35,34,32,11,18,20,25,17]
ITI:[6,5,5,7,7,7,6,7,6,6,5,5,5,5,6,7,7,7,6,5,6,7,6,5,5,6,7,5,7,7,5,6,5,7,6,6,7,7,6,7,5,6,6,7,5,5,6,5,7,6,6,5,5,5,7,6,5,6,7,7,7,5,7,7,5,5,5,6,6,6,6,7]
SaccadeITI:[1.16743605784917,1.22075702381165,0.889430770099473,1.10969040161775,0.904714670645383,0.641320375873086,1.10765975635344,1.1914788919113,1.43233161760339,0.80383610088223,0.777641702823651,0.687231127785829,0.563684501367,1.48637753274137,1.01938890168288,0.799144918013674,0.516946524063436,1.13096104157933,0.980828125410092,0.518557307225031,1.23493078132936,0.903244156305057,0.862777328498972,1.29925778080554,0.886524491625217,0.991750564573643,0.496485490499375,0.494896501217348,1.40797293363915,0.743328963786674,0.824214043475998,1.25508239344538,1.48460940146664,0.820396571101931,0.862711935684395,1.03800102943399,0.837775493886632,1.39582532309772,1.2256163846779,0.773260281103042,0.501363347664786,1.14991674540409,0.517387794711006,1.05549663948671,1.28517275621028,1.03343136157685,0.889240991471646,1.29422319229537,1.31467541368523,1.2166772479269,1.19641485499063,1.13291286435754,1.27581242137433,0.813225421969158,1.13104347317324,0.83508438631737,1.23117883355202,0.821196267994431,1.39138127948002,1.12608550736525]
SaccadeRandomization:[0,1,1,1,2,3,2,3,1,0,1,1,3,3,0,1,0,3,1,0,0,3,2,1,2,3,3,1,2,3,2,1,0,3,1,2,2,0,0,0,3,2,1,3,2,2,1,2,0,3,3,2,2,0,2,0,0,3,0,1,0,2,1,3,3,0,1,2,0,3,0,1,1,0,0,2,1,1,2,2,1,0,3,0,2,2,3,1,0,2,0,3,0,3,3,0,3,0,3,2,3,2,1,1,2,2,3,0,3,1,1,3,1,0,2,2,1,1,2,3,0,1,1,1,0,1,3,3,3,3,0,2,3,2,1,2,3,2,3,1,3,0,1,2,2,0,0,2,3,2,0,0,0,2,1,2,1,2,1,1,0,0,3,2,3,0,1,2,1,3,0,2,1,3,3,1,0,2,3,0,0,2,2,0,0,3,1,1,0,0,1,0,1,2,1,0,0,0,1,3,2,2,3,0,2,1,3,2,2,0,3,0,3,3,0,3,2,3,1,3,1,0,3,1,2,3,1,2,2,2,1,2,2,1,1,0,1,3,3,3]
cost:1
reward:0
reward_amount:[0.5,0.5,0.5,0.5,0.5,0.5,0.5,0.5,0.5,0.5,0.5,0.5,0.5,0.5,0.5,0.5,0.5,0.5,0.5,0.5,0.5,0.5,0.5,0.5,0.5,0.5,0.5,0.5,0.5,0.5,0.5,0.5,0.5,0.5,0.5,0.5,0.5,0.5,0.5,0.5,0.5,0.5,0.5,0.5,0.5,0.5,0.5,0.5,0.5,0.5,0.5,0.5,0.5,0.5,0.5,0.5,0.5,0.5,0.5,0.5,0.5,0.5,0.5,0.5,0.5,0.5,0.5,0.5,0.5,0.5,0.5,0.5]
