decision:1
size:0
numberOfTrials:12
numberOfBlocks:6
numberOfInstances:36
numberOfSaccadeTrials:60
numberOfSaccadeBlocks:4
cost_digits:[538692,709483,7,537812,6,2,8,7,289103,276315,194876,5,5,8,6,843579,8,3,367528,9,659410,934510,629834,1,2,8,632781,8,926830,806134,350628,8,9,367509,968572,480597,502816,8,3,534986,1,836045,482601,174835,9,1,635829,780235,6,324618,861904,6,958672,1,6,590421,723168,6,841923,7,3,250789,547039,2,895342,3,9,145630,945283,8,2,4]
instanceRandomization:[29,1,33,17,2,26,28,20,23,18,24,9,35,27,19,16,6,8,4,32,31,11,36,12,13,15,25,10,7,21,5,22,30,3,14,34,26,4,24,13,23,2,12,19,34,16,6,35,1,33,22,29,15,17,3,10,20,31,27,11,5,30,28,21,9,7,25,8,32,36,18,14]
ITI:[5,6,7,7,6,6,7,5,5,6,5,7,6,7,5,5,7,5,6,7,5,6,7,6,5,7,5,6,6,5,5,6,7,7,7,6,5,7,6,7,5,7,6,7,5,5,6,6,6,7,7,6,5,6,7,5,6,7,5,5,6,6,5,7,5,7,7,6,6,5,5,7]
SaccadeITI:[1.07776479891424,1.16526841840629,0.80106807735671,0.895849975551634,1.37145019697879,1.05172834361826,0.95343411367309,1.31064851421785,0.640206965179338,1.20423090716746,0.476130541906847,0.67982758677487,1.01690387612131,0.740171398063346,0.835065381162955,1.39092351638634,1.29685838290413,0.675805986420407,0.747971481205119,0.605187938808619,1.21809794663374,1.29492804573771,1.20244136082862,0.97623803539124,1.10232063944374,0.691719978842108,0.725070611600919,1.33454634182078,1.02260034510788,1.03155016017069,1.05003317890611,0.69108287061487,1.35926666695547,1.41887747382668,0.996861347490146,0.738572961910783,1.0689087391637,1.38997450799604,1.18473887865354,0.939238376709788,1.40656614143324,1.34843552697372,0.741391561952575,1.20471389990222,1.38188526595865,0.438443466815321,0.533699781893908,1.31416230767888,0.72298974825923,0.949633471927761,1.06104241547097,1.27102600390014,0.980701918973743,1.04575285714042,1.04648027455357,0.898349451626806,0.595346830346777,1.2666235354535,0.624000016161396,0.795190654955028]
SaccadeRandomization:[2,1,0,0,3,1,1,1,1,2,0,3,0,2,0,1,3,3,2,3,3,1,3,2,0,0,2,2,0,3,2,3,0,1,2,3,3,0,3,3,1,2,0,2,1,1,2,2,3,0,2,2,1,1,0,0,1,0,1,3,0,1,0,3,1,3,2,0,2,2,1,1,0,3,2,2,0,2,1,2,0,1,0,3,1,3,2,1,2,0,2,0,1,1,3,1,1,3,1,2,3,0,0,3,2,2,3,3,0,3,0,1,0,2,3,0,3,3,1,2,1,3,2,0,1,1,3,0,3,0,1,3,1,0,2,2,1,0,2,3,2,2,0,2,2,1,2,0,1,3,0,1,0,0,3,2,0,0,2,0,1,2,1,0,1,1,2,3,2,3,3,2,3,1,3,3,1,0,3,3,0,2,3,1,1,1,1,2,1,1,0,2,0,2,1,3,3,1,0,2,1,3,2,3,3,0,0,0,0,3,1,2,1,2,2,3,1,1,0,0,0,1,2,3,0,3,3,0,1,3,2,3,2,2,0,0,3,3,2,2]
cost:1
reward:0
reward_amount:[0.5,0.5,0.5,0.5,0.5,0.5,0.5,0.5,0.5,0.5,0.5,0.5,0.5,0.5,0.5,0.5,0.5,0.5,0.5,0.5,0.5,0.5,0.5,0.5,0.5,0.5,0.5,0.5,0.5,0.5,0.5,0.5,0.5,0.5,0.5,0.5,0.5,0.5,0.5,0.5,0.5,0.5,0.5,0.5,0.5,0.5,0.5,0.5,0.5,0.5,0.5,0.5,0.5,0.5,0.5,0.5,0.5,0.5,0.5,0.5,0.5,0.5,0.5,0.5,0.5,0.5,0.5,0.5,0.5,0.5,0.5,0.5]
