decision:1
size:0
numberOfTrials:12
numberOfBlocks:6
numberOfInstances:36
numberOfSaccadeTrials:60
numberOfSaccadeBlocks:4
cost_digits:[6,723168,8,926830,6,8,806134,3,289103,3,632781,5,6,934510,1,7,635829,8,9,367528,250789,895342,843579,629834,6,968572,502816,3,9,6,276315,547039,482601,534986,6,8,1,836045,2,861904,9,350628,367509,9,2,709483,1,4,945283,194876,537812,538692,480597,145630,841923,1,8,659410,8,2,8,2,958672,3,7,780235,324618,8,5,7,590421,174835]
instanceRandomization:[31,20,15,7,29,10,21,8,23,5,25,35,19,11,17,33,6,22,34,4,30,9,16,36,1,14,26,24,32,2,18,28,12,13,3,27,23,2,18,22,25,5,3,30,21,1,16,14,32,24,17,29,34,8,27,12,4,31,36,26,28,13,15,7,20,35,33,6,9,11,10,19]
ITI:[6,6,6,7,5,5,7,7,5,6,7,5,6,7,6,6,5,5,6,5,7,7,5,7,6,7,5,7,6,7,5,6,5,5,7,6,7,6,5,7,5,7,6,6,6,5,7,5,5,5,6,7,5,6,7,7,7,6,5,6,5,7,7,5,6,6,6,7,5,5,7,6]
SaccadeITI:[0.992471451063951,1.12560531067041,0.854089239037906,1.08013618703311,1.0724901395229,0.601697978454952,0.63692892890734,0.713612748434146,0.916224752909814,0.578010952457165,0.8207766913188,1.23098716804137,1.36749984941756,1.30262564856869,0.841386976776024,0.75403675379542,1.31683330459831,1.1315387570144,1.25769918284689,0.856813840692242,1.2499137333439,0.793862279163053,0.922974119552722,1.06535982841936,0.992728792953615,1.4540071302404,1.45779862476823,1.28566584422564,1.28396997263965,0.856941287297135,1.03169025539731,1.43762699201082,1.22910117556651,1.33447490062875,0.829134866486614,0.595857811051731,1.03135417251227,1.21394321986785,1.06746185164278,1.4787048384392,1.2248707633776,1.35361045099174,1.21497156064336,1.14934809797754,0.684637715931361,0.574207188685735,0.723203993759428,0.832223987098162,1.3183797447787,0.560264252483224,0.593083117747058,0.551048771602412,0.9573902568159,0.684596523068224,0.931582544588794,1.2160468009611,0.582222716308509,0.761080614415308,1.4703074136128,0.552885927384098]
SaccadeRandomization:[0,2,2,1,1,3,1,0,2,3,2,1,1,0,1,1,3,2,2,1,1,3,1,2,2,2,0,1,3,0,0,3,0,0,0,0,3,3,1,2,2,0,2,0,0,3,2,3,3,1,3,0,0,3,1,2,3,2,3,1,0,3,0,2,1,0,1,1,0,2,1,1,0,0,3,1,0,3,1,3,2,0,1,2,2,2,0,2,1,2,2,3,2,0,3,3,0,3,2,3,2,2,3,0,3,3,2,1,1,1,2,0,1,3,3,1,3,0,0,1,0,3,2,0,1,1,0,2,2,2,0,1,0,2,3,3,0,1,2,0,3,0,0,2,2,3,3,1,1,3,3,3,3,1,0,0,2,0,2,1,2,3,1,3,0,2,0,2,3,2,1,1,1,3,1,3,2,1,0,1,2,0,0,3,2,3,0,3,3,1,1,1,0,0,0,1,2,1,2,0,2,1,2,1,3,0,0,0,0,2,3,3,0,3,3,3,1,2,1,2,1,1,2,3,3,2,3,1,2,1,2,3,1,0,0,1,2,2,3,0]
cost:1
reward:0
reward_amount:[0.5,0.5,0.5,0.5,0.5,0.5,0.5,0.5,0.5,0.5,0.5,0.5,0.5,0.5,0.5,0.5,0.5,0.5,0.5,0.5,0.5,0.5,0.5,0.5,0.5,0.5,0.5,0.5,0.5,0.5,0.5,0.5,0.5,0.5,0.5,0.5,0.5,0.5,0.5,0.5,0.5,0.5,0.5,0.5,0.5,0.5,0.5,0.5,0.5,0.5,0.5,0.5,0.5,0.5,0.5,0.5,0.5,0.5,0.5,0.5,0.5,0.5,0.5,0.5,0.5,0.5,0.5,0.5,0.5,0.5,0.5,0.5]
