decision:1
size:0
numberOfTrials:12
numberOfBlocks:6
numberOfInstances:36
numberOfSaccadeTrials:60
numberOfSaccadeBlocks:4
cost_digits:[926830,629834,8,635829,1,8,537812,538692,723168,6,276315,9,958672,367528,3,1,2,6,2,145630,590421,480597,709483,806134,780235,7,482601,6,5,7,194876,836045,9,4,8,9,5,3,8,3,8,8,945283,861904,6,8,1,632781,934510,1,841923,843579,9,534986,2,2,8,250789,6,324618,367509,7,547039,3,6,502816,289103,350628,968572,174835,659410,895342]
instanceRandomization:[7,36,22,6,23,27,17,29,20,31,18,32,15,4,5,16,13,3,26,8,10,34,1,21,35,33,12,19,9,11,24,2,25,14,28,30,35,7,15,8,10,6,32,22,29,4,12,25,11,17,27,16,34,13,21,18,36,30,1,33,3,20,28,24,2,26,23,5,14,19,31,9]
ITI:[7,6,6,7,5,7,7,6,5,5,6,5,6,5,7,5,7,5,6,7,6,5,7,6,5,7,5,6,6,7,5,7,7,6,5,6,6,6,5,6,6,7,5,7,5,5,7,7,6,7,5,6,7,7,6,5,5,6,5,7,7,7,6,5,7,5,6,5,5,7,6,6]
SaccadeITI:[0.799046985285046,0.594649900627943,0.879678469562593,1.42391285667351,1.16168058332211,1.54301051953031,1.22785151907398,1.28755615553043,1.40975063637986,0.611387839253681,0.600214492009642,0.729598830166894,1.42283525079644,1.14426851988925,0.649569295758071,1.02658944245583,1.4040362878625,1.15862271626635,1.49928956636383,1.39834575279771,1.27302772732607,0.987065932659122,0.594861595837089,0.717500722214269,1.18351352628476,1.30562464049241,1.00346527895114,0.804288484101805,0.833137650221276,1.03576238191842,0.760200497639986,0.562246077406841,1.2443250971303,1.15075628337606,0.569773398983913,0.688841448809641,1.2216139512059,0.607213392333748,1.25107475271604,0.940092507695469,1.49113513756699,0.781536051483514,0.85947034083462,0.795467239750239,1.1851808207032,1.13709463220245,0.613264454474362,0.787566308110642,1.09255936456999,1.07801914652033,0.667944276418227,0.739512545700806,0.603231912424477,1.25728560210361,1.18725486280552,0.586386503597411,1.01755706750943,1.44459850032969,1.10418254364437,0.864471722339901]
SaccadeRandomization:[2,0,0,0,0,2,0,2,2,2,0,0,1,3,3,0,2,3,3,3,2,1,0,0,1,3,1,1,3,2,3,3,1,0,0,0,1,2,2,3,3,1,0,2,2,0,2,2,1,1,1,3,1,3,1,1,1,3,3,2,2,2,1,3,3,2,1,3,1,3,3,1,1,2,2,3,2,0,0,1,0,2,0,3,3,0,2,0,0,1,0,3,1,0,3,1,2,0,1,2,1,3,3,3,0,0,0,1,2,1,1,2,0,3,1,2,3,0,2,2,2,3,3,3,0,2,2,1,2,0,3,1,3,0,2,1,2,1,2,3,0,1,0,0,0,3,1,3,3,3,2,2,0,1,1,0,2,3,1,2,2,1,0,1,1,3,1,2,2,0,0,0,0,3,0,1,1,3,3,2,0,0,0,1,3,3,3,1,2,2,2,2,3,3,0,0,0,0,3,2,1,2,2,1,3,1,2,3,1,3,3,0,0,3,3,2,2,2,0,1,1,2,1,2,0,0,0,1,0,1,3,2,1,0,1,1,3,1,2,3]
cost:1
reward:0
reward_amount:[0.5,0.5,0.5,0.5,0.5,0.5,0.5,0.5,0.5,0.5,0.5,0.5,0.5,0.5,0.5,0.5,0.5,0.5,0.5,0.5,0.5,0.5,0.5,0.5,0.5,0.5,0.5,0.5,0.5,0.5,0.5,0.5,0.5,0.5,0.5,0.5,0.5,0.5,0.5,0.5,0.5,0.5,0.5,0.5,0.5,0.5,0.5,0.5,0.5,0.5,0.5,0.5,0.5,0.5,0.5,0.5,0.5,0.5,0.5,0.5,0.5,0.5,0.5,0.5,0.5,0.5,0.5,0.5,0.5,0.5,0.5,0.5]
