decision:1
size:0
numberOfTrials:12
numberOfBlocks:6
numberOfInstances:36
numberOfSaccadeTrials:60
numberOfSaccadeBlocks:4
cost_digits:[6,590421,482601,6,9,8,7,194876,8,547039,4,632781,5,3,538692,3,2,1,502816,250789,659410,2,350628,635829,1,934510,958672,1,276315,6,8,324618,945283,895342,6,629834,2,861904,8,9,3,367528,537812,8,534986,8,289103,8,174835,780235,709483,2,5,926830,480597,806134,968572,1,8,9,843579,9,6,7,7,723168,145630,367509,841923,6,3,836045]
instanceRandomization:[2,10,12,1,34,27,20,24,22,28,14,25,35,8,29,7,13,16,26,30,31,21,5,6,23,11,15,17,18,3,4,33,32,9,19,36,26,22,36,30,5,4,17,28,13,10,23,15,19,35,1,18,9,7,34,21,14,12,6,25,16,32,29,11,33,20,8,3,27,31,24,2]
ITI:[5,7,6,7,6,5,7,6,5,7,5,6,5,6,7,6,7,5,7,6,5,6,7,5,6,5,5,5,6,6,5,7,6,7,7,7,7,6,5,7,6,5,7,6,5,5,7,6,7,6,5,5,5,6,7,7,7,6,6,5,5,5,7,7,6,6,7,5,7,5,6,6]
SaccadeITI:[0.943105228101679,1.37038948558814,1.04153828075699,1.34542343332044,1.41116822613015,0.792703996967369,1.19781992220863,0.508563515120962,0.518413990126767,0.874446014031613,0.770751920385131,0.722670442281136,0.773858664180928,0.554654566427538,0.89864022875748,1.01603175173126,1.243633552078,0.672403361504742,0.509893017677435,1.21170429195821,0.558239918291414,1.17423130231521,1.31246266802385,0.751775908838802,1.40091359484553,1.176802775679,1.28269111979365,1.19477267153173,1.46155054061286,1.50058894566804,0.639083210002476,0.760613210355708,1.22773480726949,0.584987662356192,1.27527461465991,1.0244320725052,1.4962249892725,1.45650938441589,0.979868118507632,0.882435166831904,0.577433348024109,1.07484344192393,0.692319038878971,0.623447672786036,1.01740722739681,1.47446620752647,0.948981197872975,1.48740849513172,0.644842071315118,0.889521192848527,1.16205356837794,1.30112150390244,0.796663484625363,0.905780004193851,0.513147830819556,1.35249180635049,0.731203834382662,1.30585819375313,1.17804055180944,0.803962756968879]
SaccadeRandomization:[2,1,1,2,0,2,3,2,3,1,3,2,3,3,0,1,1,0,0,0,2,3,1,0,0,0,1,2,1,3,2,3,0,2,2,1,1,3,3,2,0,3,3,0,2,0,2,3,0,2,1,1,1,0,2,3,0,1,3,1,3,0,0,0,0,3,2,1,1,2,3,1,2,3,0,0,3,2,0,1,2,3,0,2,3,1,1,2,0,2,0,2,2,3,1,2,3,1,1,2,0,3,0,2,1,3,0,1,1,2,2,1,3,0,1,3,3,3,1,0,1,0,3,3,1,2,3,3,1,0,1,2,2,0,2,1,2,1,0,2,0,1,0,0,3,3,0,3,1,2,0,2,1,2,1,0,3,3,1,2,3,3,3,0,1,2,0,2,1,2,3,1,2,3,0,0,0,1,2,3,1,1,0,1,2,1,3,2,0,1,0,2,1,1,3,1,2,0,2,3,3,3,2,2,2,1,0,1,3,1,0,2,0,0,0,0,3,0,3,1,3,0,3,1,2,3,3,2,1,2,0,3,3,3,2,2,0,1,0,2]
cost:1
reward:0
reward_amount:[0.5,0.5,0.5,0.5,0.5,0.5,0.5,0.5,0.5,0.5,0.5,0.5,0.5,0.5,0.5,0.5,0.5,0.5,0.5,0.5,0.5,0.5,0.5,0.5,0.5,0.5,0.5,0.5,0.5,0.5,0.5,0.5,0.5,0.5,0.5,0.5,0.5,0.5,0.5,0.5,0.5,0.5,0.5,0.5,0.5,0.5,0.5,0.5,0.5,0.5,0.5,0.5,0.5,0.5,0.5,0.5,0.5,0.5,0.5,0.5,0.5,0.5,0.5,0.5,0.5,0.5,0.5,0.5,0.5,0.5,0.5,0.5]
