decision:1
size:0
numberOfTrials:12
numberOfBlocks:6
numberOfInstances:36
numberOfSaccadeTrials:60
numberOfSaccadeBlocks:4
cost_digits:[538692,723168,9,250789,1,629834,6,174835,8,8,1,926830,276315,968572,194876,709483,502816,1,1,632781,3,8,5,3,934510,958672,836045,324618,780235,6,8,9,841923,8,2,2,367509,6,2,659410,6,534986,590421,547039,4,537812,3,6,367528,8,8,9,635829,8,7,145630,806134,482601,289103,895342,843579,5,7,7,945283,861904,9,6,2,3,480597,350628]
instanceRandomization:[29,20,32,30,12,36,3,19,6,22,23,7,18,14,24,1,26,17,16,25,8,28,9,5,11,15,2,33,35,31,4,34,27,10,21,13,3,29,18,31,1,13,10,28,14,17,24,19,4,15,36,25,6,27,33,8,21,12,23,9,16,35,20,11,32,22,30,2,26,7,34,5]
ITI:[6,6,7,7,5,5,6,5,7,5,7,6,6,5,5,5,6,7,7,6,7,5,7,6,6,5,5,6,7,7,5,6,5,6,7,7,5,7,7,6,7,5,6,5,6,6,7,5,6,5,5,6,5,5,7,6,6,7,7,7,7,5,7,5,6,7,5,7,6,6,5,6]
SaccadeITI:[1.49838334593611,1.00083954903918,1.46207265850777,0.768911075467865,1.34231696409794,0.840269752467672,1.04809336612622,0.84604645629103,1.21746045157003,1.2019201805039,0.905744005615512,0.948994610148172,0.636444793936486,1.0036570324252,0.523668782242263,0.877182009785126,0.918464148339505,1.19660162591996,0.646050933205212,1.20277561286154,1.34325338030855,1.45532812263506,1.16708244608405,1.49815964807446,0.642891136618952,0.66243678998823,1.38633254395487,0.898382953290517,0.701837362643952,0.749197109757612,1.13326389404635,1.12949816874849,1.19467580031293,0.614061693350474,0.613964247905339,0.578914225489522,1.1467032180323,1.49585179627563,0.645899908306698,1.3602601379777,0.61445233427609,1.41284381823304,1.00627101228262,1.09308981328892,0.61882820740963,1.0360163707907,0.895500990950192,1.01399057793121,1.00290819319586,0.661296658140297,1.07016186035859,1.08590607942703,0.567283562539766,1.2903729872002,0.80913875803041,0.854600589877615,1.16423114800515,0.907987421999375,1.31423753562073,1.0769901421542]
SaccadeRandomization:[1,2,1,3,2,3,3,1,1,2,2,3,3,3,2,1,1,2,2,3,2,1,0,0,3,1,3,2,2,0,0,1,0,3,2,0,2,3,0,0,1,1,0,1,0,3,1,3,1,0,2,0,2,3,1,0,2,0,3,0,0,1,2,1,3,0,1,3,0,1,2,3,2,1,1,2,2,3,1,0,3,1,3,0,0,2,2,1,1,0,2,1,0,1,3,2,1,0,0,2,2,3,2,0,0,2,3,1,3,0,0,3,2,3,0,3,3,3,2,1,1,2,2,0,1,1,0,0,3,0,0,2,3,1,0,3,3,2,0,0,0,2,3,0,2,0,1,1,3,2,2,3,1,2,1,2,1,0,3,2,2,1,2,3,3,2,1,1,3,2,1,3,0,1,1,3,0,0,3,3,1,1,2,0,2,1,0,3,0,3,0,1,1,0,0,2,2,3,2,1,2,1,3,2,3,0,0,3,3,2,2,1,0,3,2,0,3,0,2,0,1,3,2,0,1,2,1,1,1,2,1,2,3,3,1,3,3,0,3,0]
cost:1
reward:0
reward_amount:[0.5,0.5,0.5,0.5,0.5,0.5,0.5,0.5,0.5,0.5,0.5,0.5,0.5,0.5,0.5,0.5,0.5,0.5,0.5,0.5,0.5,0.5,0.5,0.5,0.5,0.5,0.5,0.5,0.5,0.5,0.5,0.5,0.5,0.5,0.5,0.5,0.5,0.5,0.5,0.5,0.5,0.5,0.5,0.5,0.5,0.5,0.5,0.5,0.5,0.5,0.5,0.5,0.5,0.5,0.5,0.5,0.5,0.5,0.5,0.5,0.5,0.5,0.5,0.5,0.5,0.5,0.5,0.5,0.5,0.5,0.5,0.5]
