decision:1
size:0
numberOfTrials:12
numberOfBlocks:6
numberOfInstances:36
numberOfSaccadeTrials:60
numberOfSaccadeBlocks:4
cost_digits:[5,5,836045,843579,6,8,480597,289103,8,502816,9,723168,1,367528,3,2,968572,958672,3,6,276315,6,632781,6,324618,629834,547039,635829,3,6,806134,590421,3,934510,1,9,8,8,8,194876,9,538692,6,1,350628,2,537812,841923,659410,4,895342,7,174835,2,534986,926830,7,7,8,8,482601,250789,709483,1,780235,8,2,945283,145630,367509,9,861904]
instanceRandomization:[9,35,2,16,29,22,34,23,27,26,30,20,12,4,7,13,14,15,24,3,18,31,25,19,33,36,28,6,8,1,21,10,5,11,17,32,10,6,36,24,34,29,2,23,5,21,17,27,31,14,9,20,19,26,13,7,11,33,28,4,12,30,1,16,35,15,18,32,8,3,25,22]
ITI:[5,7,5,7,6,7,5,5,6,7,6,6,5,7,6,7,5,5,6,6,5,6,7,7,5,6,6,6,7,5,7,5,5,7,6,7,6,6,7,5,7,7,7,5,5,6,6,5,7,5,5,7,5,6,7,7,6,6,5,6,7,5,5,7,7,5,7,6,6,6,6,5]
SaccadeITI:[1.25509283669526,1.39412273514317,0.953073982626665,0.668938174622599,1.33037806466455,0.85915826378623,1.28712804360548,0.595302889135201,1.2473784713191,1.27557492466876,1.17414658308262,0.681786708778236,1.22002812802093,0.83540869319113,0.912662375497166,0.466322469071019,1.08575011744397,1.20012074756669,0.620650517998729,0.582041111320723,0.823936951823998,1.24743154529715,0.520930162409786,0.511800554825459,0.624924737971742,1.22255085433135,1.25718823402422,1.09440397262806,1.16590297875227,1.30270176708,1.37842168147909,1.07868718357058,1.18478748110356,0.959969153173734,1.22845653026598,0.962068128178362,0.712288506806362,0.838030030729715,0.797029903635848,0.528147877904121,0.953909217158798,1.4397195479949,1.22079355829628,1.14309969033347,1.42014668813208,0.603951681416947,0.977904300217051,1.30221162062371,0.478775328502525,0.685226273501758,0.652626779174898,1.16454261891777,1.02593068314018,1.23717887537787,0.617776968993712,0.879034108726773,1.28337672330672,1.33422665648395,1.39734670520993,1.09749790026108]
SaccadeRandomization:[1,1,2,0,1,2,0,3,2,3,1,1,2,2,3,2,1,3,0,2,0,1,3,0,2,1,3,3,2,2,0,0,1,0,3,3,3,0,1,0,3,1,0,0,0,2,1,1,2,3,3,3,2,3,2,0,1,0,1,2,3,1,2,3,3,0,2,1,0,0,3,2,2,3,1,0,3,3,0,0,3,0,0,1,0,1,0,2,1,1,2,1,0,3,3,2,1,1,3,1,1,2,2,3,2,2,0,3,1,2,0,2,2,3,1,0,1,2,3,0,0,1,3,3,1,3,2,3,0,0,2,3,2,3,2,2,3,0,3,1,1,3,2,2,3,0,3,3,1,1,0,1,1,3,0,2,2,1,2,2,1,1,3,3,1,2,0,1,2,0,0,2,1,0,0,0,2,0,0,1,0,0,3,3,1,3,0,0,1,2,3,0,3,3,3,1,2,1,2,2,1,1,0,0,3,2,2,2,3,2,1,1,3,2,1,0,2,2,3,3,0,2,1,3,0,2,0,1,2,0,0,1,0,1,1,2,1,0,3,3]
cost:1
reward:0
reward_amount:[0.5,0.5,0.5,0.5,0.5,0.5,0.5,0.5,0.5,0.5,0.5,0.5,0.5,0.5,0.5,0.5,0.5,0.5,0.5,0.5,0.5,0.5,0.5,0.5,0.5,0.5,0.5,0.5,0.5,0.5,0.5,0.5,0.5,0.5,0.5,0.5,0.5,0.5,0.5,0.5,0.5,0.5,0.5,0.5,0.5,0.5,0.5,0.5,0.5,0.5,0.5,0.5,0.5,0.5,0.5,0.5,0.5,0.5,0.5,0.5,0.5,0.5,0.5,0.5,0.5,0.5,0.5,0.5,0.5,0.5,0.5,0.5]
