decision:1
size:0
numberOfTrials:12
numberOfBlocks:6
numberOfInstances:36
numberOfSaccadeTrials:60
numberOfSaccadeBlocks:4
cost_digits:[538692,367509,8,174835,841923,367528,7,537812,8,9,629834,7,2,2,895342,480597,6,7,861904,502816,3,8,926830,145630,709483,9,8,3,5,6,534986,9,1,968572,482601,289103,590421,4,2,8,9,780235,958672,8,635829,934510,547039,945283,2,350628,6,1,632781,659410,250789,1,194876,3,3,843579,6,8,806134,8,5,836045,276315,6,324618,723168,1,6]
instanceRandomization:[29,3,6,19,27,4,20,17,15,25,36,11,18,21,9,34,31,33,22,26,24,10,7,8,1,32,28,5,35,2,13,30,16,14,12,23,10,14,26,4,34,35,15,22,6,11,28,32,13,5,3,23,25,31,30,17,24,7,8,16,29,27,21,36,9,2,18,19,33,20,12,1]
ITI:[5,7,5,6,5,6,7,5,6,7,7,6,7,6,5,6,6,6,5,7,5,5,7,7,7,5,6,5,7,6,5,6,7,7,6,5,5,5,6,7,6,6,5,7,7,7,5,6,6,7,7,6,5,7,5,6,5,5,6,7,7,6,6,5,6,5,5,5,6,7,7,7]
SaccadeITI:[0.768169518723153,0.92761351976078,1.12796244996134,1.18894470569212,1.09519750897307,0.859597058431245,0.811557365744375,0.952457653987221,0.859370818524621,0.795669866888784,1.10604038967285,1.11966035531368,0.63338870734442,1.32084938201588,0.902453642501496,1.48027473355178,0.740024188929237,0.979650269891135,1.21684482034761,0.793945029773749,0.848134613758884,1.16799792919774,0.513900740700774,0.584117596433498,1.24540971771348,1.22105995186139,0.898326908634044,1.23098140435759,1.32073465168942,1.02215442054439,1.13140590761323,1.48303369355854,1.04594764362555,0.675053123314865,1.02402298797388,0.663263942976482,1.24519128927495,0.733966830349527,1.21397054630797,1.14658071675804,1.36726748284418,1.42981120052282,1.17700548858847,0.667822626349516,0.943763666483574,0.705824621184729,0.975243450771086,1.08090479618404,0.62615159379784,0.721336664562114,1.22540520892944,1.37145716410596,1.12355689790566,0.793196465983055,1.30898355965037,0.868936040136032,1.0929704275215,0.831849216879345,0.531974984495901,1.06161184043158]
SaccadeRandomization:[3,0,0,2,0,2,1,1,0,3,1,1,3,2,0,2,0,1,1,0,2,3,0,3,1,3,2,3,2,1,1,1,0,3,2,3,3,0,0,0,2,2,1,3,2,1,1,0,2,2,1,1,2,0,3,0,3,3,2,3,1,2,2,0,2,2,2,3,0,3,0,3,2,3,2,0,1,3,0,0,1,1,1,0,3,1,2,3,2,1,2,1,1,3,3,1,1,2,0,0,0,3,3,1,2,0,3,1,0,0,0,3,1,3,0,1,2,2,2,3,2,0,0,2,3,2,0,3,1,1,0,2,1,2,1,0,3,3,1,0,2,3,0,0,1,2,0,0,0,0,1,3,1,2,3,1,3,2,1,2,0,1,3,3,1,0,0,2,2,3,1,2,3,1,2,1,3,3,3,2,0,0,2,2,0,0,3,2,2,1,0,1,3,1,2,2,3,0,0,3,0,3,0,0,1,3,1,2,2,2,1,3,1,2,3,1,1,1,3,3,0,2,2,0,3,0,0,2,2,2,0,1,1,1,1,3,3,1,3,3]
cost:1
reward:0
reward_amount:[0.5,0.5,0.5,0.5,0.5,0.5,0.5,0.5,0.5,0.5,0.5,0.5,0.5,0.5,0.5,0.5,0.5,0.5,0.5,0.5,0.5,0.5,0.5,0.5,0.5,0.5,0.5,0.5,0.5,0.5,0.5,0.5,0.5,0.5,0.5,0.5,0.5,0.5,0.5,0.5,0.5,0.5,0.5,0.5,0.5,0.5,0.5,0.5,0.5,0.5,0.5,0.5,0.5,0.5,0.5,0.5,0.5,0.5,0.5,0.5,0.5,0.5,0.5,0.5,0.5,0.5,0.5,0.5,0.5,0.5,0.5,0.5]
