decision:1
size:0
numberOfTrials:12
numberOfBlocks:6
numberOfInstances:36
numberOfSaccadeTrials:60
numberOfSaccadeBlocks:4
cost_digits:[723168,174835,8,934510,7,6,629834,367509,958672,6,2,1,3,5,2,632781,8,1,1,895342,482601,861904,3,194876,276315,6,590421,659410,4,250789,945283,2,547039,8,3,480597,8,1,7,367528,6,502816,841923,350628,836045,5,780235,9,8,806134,8,968572,538692,926830,6,843579,7,534986,145630,9,9,537812,8,9,6,2,3,8,635829,324618,289103,709483]
instanceRandomization:[20,19,27,11,33,29,36,3,15,2,13,23,5,35,26,25,4,17,16,9,12,22,7,24,18,1,10,31,14,30,32,21,28,6,8,34,28,12,11,4,19,26,27,5,2,9,35,30,22,21,15,14,29,7,31,16,20,13,8,32,34,17,36,25,3,18,24,10,6,33,23,1]
ITI:[5,7,6,7,7,5,6,5,5,6,7,6,5,6,7,7,5,5,6,6,6,7,5,7,5,7,7,5,6,5,6,7,5,6,6,7,7,7,6,5,5,5,6,6,6,7,5,7,6,7,5,6,6,6,7,5,7,5,7,5,7,5,6,7,7,5,5,5,7,6,6,6]
SaccadeITI:[1.3412396400546,0.445814884764453,0.938160519379502,1.21846283998651,0.507001377440368,1.40745016982158,1.43890879120057,0.98834149519292,1.32614304687207,0.536924754300465,1.04428489835312,0.875569471654793,0.510499682541316,0.77662143347164,1.27031245015872,0.854488173065086,0.989664529714112,1.38668559308474,0.911120046659683,0.943193967950841,1.43862823912253,0.796780360195165,1.34897482631107,0.603648855381956,0.788567370998984,0.534051883298283,1.23488220645425,1.11283655793717,0.844330173715328,0.891660348077615,0.90638272187983,0.588400182810922,0.816076181161528,1.20573049111602,1.4161658645918,1.32755720408944,1.16821102381994,0.712278217108299,0.63396051156645,1.00946522903008,0.84054925039721,0.755202244299774,0.910556043529262,1.07760694649381,1.00049027733815,1.09825856916917,1.04235308899855,1.25307594429081,1.40158487184284,1.40126747245279,0.937854751742755,0.612889668935289,1.05436759119232,0.66283863017646,0.966360432825362,0.988859279112269,1.40300837092412,1.16236246543316,1.07953708249455,1.26150080401761]
SaccadeRandomization:[2,1,0,2,0,3,2,1,0,0,3,3,2,0,1,0,1,1,3,0,0,1,0,3,0,3,2,0,3,3,3,3,3,2,2,0,1,2,2,1,1,0,2,1,3,1,1,0,2,1,1,0,2,2,3,3,2,1,3,2,1,1,0,1,2,2,1,3,3,0,3,3,0,1,3,2,2,2,2,3,0,1,1,0,0,3,1,1,0,2,2,0,0,1,0,2,2,0,2,1,2,3,0,3,1,3,2,1,1,1,3,0,0,2,3,2,0,3,3,3,1,3,2,1,2,3,2,1,2,0,3,2,0,0,0,0,1,2,2,3,3,2,3,1,0,1,0,1,2,0,3,2,2,1,0,0,1,2,3,1,1,0,0,3,1,1,3,1,3,3,2,2,3,0,3,3,0,1,2,0,1,1,3,1,0,2,3,1,2,2,3,1,3,2,0,0,0,1,0,1,1,2,2,2,3,3,2,1,2,1,3,0,2,0,0,1,3,0,1,0,3,3,1,1,3,2,0,2,2,2,2,0,0,0,3,1,3,3,0,3]
cost:1
reward:0
reward_amount:[0.5,0.5,0.5,0.5,0.5,0.5,0.5,0.5,0.5,0.5,0.5,0.5,0.5,0.5,0.5,0.5,0.5,0.5,0.5,0.5,0.5,0.5,0.5,0.5,0.5,0.5,0.5,0.5,0.5,0.5,0.5,0.5,0.5,0.5,0.5,0.5,0.5,0.5,0.5,0.5,0.5,0.5,0.5,0.5,0.5,0.5,0.5,0.5,0.5,0.5,0.5,0.5,0.5,0.5,0.5,0.5,0.5,0.5,0.5,0.5,0.5,0.5,0.5,0.5,0.5,0.5,0.5,0.5,0.5,0.5,0.5,0.5]
