decision:1
size:0
numberOfTrials:12
numberOfBlocks:6
numberOfInstances:36
numberOfSaccadeTrials:60
numberOfSaccadeBlocks:4
cost_digits:[2,709483,324618,2,367509,1,3,934510,502816,806134,8,250789,8,3,289103,6,945283,6,1,8,895342,174835,635829,632781,350628,8,8,194876,537812,836045,4,723168,5,9,8,8,6,6,780235,534986,7,3,276315,9,629834,843579,5,841923,3,9,590421,1,482601,958672,1,2,367528,538692,6,659410,145630,2,6,7,926830,480597,861904,8,968572,9,7,547039]
instanceRandomization:[18,1,33,13,3,12,8,11,26,21,27,30,22,7,23,31,32,29,16,36,9,19,6,25,5,28,15,24,17,2,14,20,35,34,10,4,3,2,35,13,20,24,18,30,36,16,9,27,5,32,10,23,12,15,17,26,4,29,19,31,8,21,1,11,7,34,22,6,14,25,33,28]
ITI:[6,7,5,5,5,6,7,5,7,6,6,7,7,5,7,6,7,5,6,6,5,7,6,5,5,6,5,5,6,5,7,7,6,6,7,7,7,6,5,5,6,5,7,7,6,5,6,7,5,6,5,7,6,5,7,6,7,6,7,5,5,6,7,6,5,6,6,7,5,5,7,7]
SaccadeITI:[0.55227047445563,1.52680361441647,0.634085441784312,0.671844537214687,1.00918467606728,0.911872472225999,0.945039251431202,1.04697808654358,1.08289247433034,1.45963737003816,1.16364629807261,0.752980966431399,1.3077558358976,0.691999662977954,0.72463674385411,0.88334030782183,0.597565421213706,1.31119249978413,1.26225117811312,1.24440312928831,1.01071683814128,0.834885388457527,0.953139283539106,1.25129815222075,1.06552014740494,1.08319327964758,1.00742508734887,1.44143555460808,0.916364734138673,0.754494114390885,0.706413544093569,1.41956773594332,1.18174988714357,1.20990219440622,0.878944476911177,0.875501593186831,0.997549499462669,0.946094072035824,0.6312523901773,1.42918931304788,1.04045811699082,1.41289707281006,0.565900658800577,0.549613935950523,0.544946657105659,1.357323663154,1.22962292431233,0.79201591348586,1.24022776664545,0.64707430296888,0.910294195481887,0.846503663652887,0.857033097961297,1.09113227956307,1.50386035450113,1.43922273426627,0.626583310387408,1.28127242446256,0.988578129171704,0.700421070059141]
SaccadeRandomization:[2,3,0,1,2,0,2,0,1,3,0,3,2,3,1,1,3,0,3,2,0,1,0,1,2,1,1,2,1,2,3,2,2,0,3,0,3,1,1,2,0,3,0,1,3,2,1,0,0,2,2,2,3,0,0,1,3,3,3,1,3,1,2,3,1,1,3,2,3,2,3,1,2,1,0,3,3,3,0,1,2,0,2,0,1,2,2,1,1,0,1,0,2,3,1,1,0,1,0,2,3,0,0,2,1,1,2,2,3,0,0,0,2,3,2,0,3,3,0,3,3,0,0,2,1,3,1,3,1,1,2,1,3,3,0,0,0,3,3,1,1,1,1,2,0,2,2,0,3,0,2,2,0,0,0,3,2,0,2,2,2,2,1,1,3,3,3,3,3,2,0,2,1,3,1,1,1,0,0,2,1,3,0,3,1,2,0,0,0,3,2,1,3,2,2,3,2,1,1,3,1,0,0,3,2,3,1,2,2,0,3,0,1,2,3,2,0,3,0,3,0,1,2,3,2,0,0,0,0,1,1,2,2,2,1,1,3,1,1,3]
cost:1
reward:0
reward_amount:[0.5,0.5,0.5,0.5,0.5,0.5,0.5,0.5,0.5,0.5,0.5,0.5,0.5,0.5,0.5,0.5,0.5,0.5,0.5,0.5,0.5,0.5,0.5,0.5,0.5,0.5,0.5,0.5,0.5,0.5,0.5,0.5,0.5,0.5,0.5,0.5,0.5,0.5,0.5,0.5,0.5,0.5,0.5,0.5,0.5,0.5,0.5,0.5,0.5,0.5,0.5,0.5,0.5,0.5,0.5,0.5,0.5,0.5,0.5,0.5,0.5,0.5,0.5,0.5,0.5,0.5,0.5,0.5,0.5,0.5,0.5,0.5]
