decision:1
size:0
numberOfTrials:12
numberOfBlocks:6
numberOfInstances:36
numberOfSaccadeTrials:60
numberOfSaccadeBlocks:4
cost_digits:[2,8,723168,709483,350628,3,4,534986,289103,480597,9,8,8,806134,780235,2,659410,194876,7,9,3,537812,367509,5,9,6,590421,8,8,324618,482601,6,8,538692,843579,629834,945283,2,3,1,635829,547039,502816,1,8,145630,836045,841923,958672,276315,5,895342,2,174835,8,6,7,9,6,632781,968572,861904,3,1,367528,1,250789,934510,7,926830,6,6]
instanceRandomization:[26,15,20,1,5,8,14,13,23,34,30,27,4,21,35,18,31,24,11,32,7,17,3,9,25,19,10,28,22,33,12,2,6,29,16,36,32,21,24,23,6,28,26,16,36,8,2,27,15,18,35,9,13,19,10,3,33,34,1,25,14,22,5,17,4,12,30,11,20,7,31,29]
ITI:[7,7,6,5,5,6,6,7,7,5,5,6,7,6,5,5,5,6,6,6,5,7,7,7,5,7,6,5,6,6,6,7,7,5,5,7,7,6,6,5,6,6,5,5,7,7,5,7,5,6,7,5,7,6,7,6,5,7,6,5,7,5,6,7,7,6,5,6,5,6,7,5]
SaccadeITI:[0.824516533319062,1.40660884711348,1.06993759554268,1.05788249001295,1.09926016875931,0.973098290296427,0.754553971722877,1.45677725496159,0.878073101774013,1.11896198420242,0.597457036519578,0.714632716639123,1.16547297188469,1.43692745957912,1.35886001228743,1.42582916645721,1.04806172652558,1.09366330053114,1.30679441467316,1.20068198456817,1.2301621228961,0.716655426802269,0.810551058178923,1.07817098768816,1.34230994680353,1.0114171140866,1.27140409490482,0.873379989903575,0.759187732966772,1.00590008255482,1.08793805390984,0.861673986682824,0.818101439302942,1.33277365509809,0.643184594953588,0.946169791421077,1.23154969225094,0.730976388467631,1.35599795650148,0.52769775283911,0.839685948709181,0.905201649204052,0.749006224241263,0.866435301866538,0.756251558339379,0.822353422319672,1.41586435996384,0.681213240515596,0.912805489175177,0.888314709909416,0.921534047139964,0.693124847164533,0.791218906318924,0.553348228944621,1.0191801571326,1.21476807878741,1.31823780774527,0.913535782046771,0.636704730013541,1.47796261487917]
SaccadeRandomization:[0,1,2,0,0,2,2,0,1,3,1,2,3,2,3,2,3,3,1,0,0,1,3,0,1,1,0,2,2,2,1,3,0,1,2,0,1,0,3,0,2,3,1,3,2,2,0,3,3,2,0,3,3,1,2,0,1,1,3,1,1,3,3,2,2,3,2,0,3,3,0,1,3,0,2,3,2,3,1,1,0,1,1,1,2,0,2,0,2,3,2,1,2,0,3,3,1,0,0,3,0,0,0,1,1,2,1,1,0,1,2,3,3,2,2,0,1,3,2,0,1,2,0,0,2,1,0,1,2,1,2,2,1,0,0,2,0,0,0,1,3,3,3,2,3,1,3,1,3,3,2,3,1,2,1,3,0,3,1,3,3,0,2,0,2,0,0,1,3,3,1,1,1,2,2,2,3,2,0,0,2,0,2,0,3,1,3,1,0,0,3,0,1,2,3,3,0,0,1,1,3,0,0,3,2,2,1,1,2,1,1,3,1,2,1,0,0,0,3,2,0,2,2,3,2,3,1,2,1,0,3,3,3,2,1,1,2,2,0,3]
cost:1
reward:0
reward_amount:[0.5,0.5,0.5,0.5,0.5,0.5,0.5,0.5,0.5,0.5,0.5,0.5,0.5,0.5,0.5,0.5,0.5,0.5,0.5,0.5,0.5,0.5,0.5,0.5,0.5,0.5,0.5,0.5,0.5,0.5,0.5,0.5,0.5,0.5,0.5,0.5,0.5,0.5,0.5,0.5,0.5,0.5,0.5,0.5,0.5,0.5,0.5,0.5,0.5,0.5,0.5,0.5,0.5,0.5,0.5,0.5,0.5,0.5,0.5,0.5,0.5,0.5,0.5,0.5,0.5,0.5,0.5,0.5,0.5,0.5,0.5,0.5]
