decision:1
size:0
numberOfTrials:12
numberOfBlocks:6
numberOfInstances:36
numberOfSaccadeTrials:60
numberOfSaccadeBlocks:4
cost_digits:[8,2,1,174835,6,6,8,8,8,841923,926830,780235,1,968572,547039,635829,482601,3,250789,3,895342,324618,945283,709483,8,723168,534986,9,3,2,9,934510,6,843579,2,538692,5,9,350628,194876,367509,590421,7,7,1,8,861904,289103,629834,6,480597,6,1,4,9,8,836045,806134,502816,659410,537812,632781,8,276315,7,3,5,367528,958672,145630,2,6]
instanceRandomization:[36,21,17,19,31,3,10,15,4,27,7,35,23,14,28,6,12,24,30,5,9,33,32,1,22,20,13,34,8,26,25,11,2,16,18,29,9,32,5,24,3,10,33,11,16,27,22,23,36,1,34,19,12,14,30,6,2,21,26,31,17,25,28,18,20,7,35,4,15,8,13,29]
ITI:[5,6,6,7,7,5,5,6,7,5,6,7,7,5,7,6,5,6,5,6,5,6,7,7,6,7,7,5,5,5,7,5,6,6,6,7,7,5,6,6,5,7,5,6,7,6,7,5,7,6,7,5,7,5,5,6,6,7,5,6,7,7,6,6,5,7,5,5,6,7,6,5]
SaccadeITI:[0.554600569846419,1.12832359616489,1.22173567787589,0.800375909971384,1.30547523075559,0.593759734144745,0.708915142070812,0.929546523334769,0.669610953385321,0.806258459536669,0.812426269481269,1.19182535326884,1.3620087345674,0.632315324114946,1.39082360287042,1.17650939753124,0.888281006792871,0.923693160254819,1.00972192614184,0.902034606280116,1.27468655790047,0.929348598661212,1.03167953105488,1.03302809941427,1.32931286511788,1.28714592611262,1.04024351058373,1.41382168928006,0.761554585032475,0.958703146044475,0.522847652629328,1.13093060926379,1.20545701073327,1.02845933936381,0.805657147158248,1.34401312699386,0.504399125425455,1.29687852618129,0.860486616108877,1.30636888319471,1.02640608787381,0.910245630618495,0.666316688953278,1.46386270267734,1.18238533307643,1.46068087612124,1.0940059851467,1.37570910594271,0.698930387812046,1.13881255263307,0.683849374724862,0.966725703755704,0.651292431362284,0.793231856039104,1.3295419558029,0.829531026965318,0.731305550745067,1.18200032176295,0.814804001672504,0.927098701669214]
SaccadeRandomization:[2,0,2,3,2,1,0,1,2,0,2,0,2,3,0,1,0,2,3,3,1,1,0,2,2,3,2,1,2,0,3,0,1,0,0,3,1,1,2,3,3,1,1,1,1,3,0,3,2,0,3,0,1,2,3,2,0,1,3,3,2,2,3,0,2,0,3,1,3,3,1,2,3,3,0,2,0,0,1,0,1,1,3,2,3,2,3,0,0,0,2,0,1,3,1,0,2,1,1,1,1,2,0,3,2,2,2,2,1,3,1,0,3,3,1,2,0,3,0,1,2,1,0,0,3,1,3,0,2,3,2,1,0,3,1,0,1,2,3,0,0,3,1,0,3,0,1,1,3,1,3,2,2,3,2,0,0,1,2,1,0,1,3,2,1,0,2,2,3,3,2,3,2,1,0,3,2,1,2,0,0,2,1,3,3,2,1,2,1,1,2,3,3,1,0,1,0,2,2,3,2,0,1,2,0,0,0,3,3,0,0,3,2,1,0,0,1,3,3,3,3,3,1,0,3,3,2,1,2,1,2,1,0,2,0,1,2,2,0,1]
cost:1
reward:0
reward_amount:[0.5,0.5,0.5,0.5,0.5,0.5,0.5,0.5,0.5,0.5,0.5,0.5,0.5,0.5,0.5,0.5,0.5,0.5,0.5,0.5,0.5,0.5,0.5,0.5,0.5,0.5,0.5,0.5,0.5,0.5,0.5,0.5,0.5,0.5,0.5,0.5,0.5,0.5,0.5,0.5,0.5,0.5,0.5,0.5,0.5,0.5,0.5,0.5,0.5,0.5,0.5,0.5,0.5,0.5,0.5,0.5,0.5,0.5,0.5,0.5,0.5,0.5,0.5,0.5,0.5,0.5,0.5,0.5,0.5,0.5,0.5,0.5]
