decision:1
size:0
numberOfTrials:12
numberOfBlocks:6
numberOfInstances:24
numberOfSaccadeTrials:60
numberOfSaccadeBlocks:4
cost_digits:[589327,2934607,69540,8753649,6107592,2197563,1392786,35190,73042,1836947,346580,53187,319650,42837,1756428,452769,698735,820697,9138605,502761,13785,24065,837420,79430,362187,76301,130729,946031,8053296,43501,951720,23740,8657402,2563870,90463,216894,3720689,82943,6392450,9241637,3864750,91428,134798,65807,936208,6502871,437128,19725,95326,8921670,50276,690528,2571360,7510836,16978,674083,70842,321896,602513,59418,318746,9675308,98514,7209846,8679321,3514027,892057,63128,4379216,53768,795236,348106]
instanceRandomization:[8,24,11,6,17,19,3,23,9,10,16,5,7,22,18,21,2,4,20,1,14,15,12,13,22,10,18,24,11,4,13,3,5,14,12,23,7,20,15,16,2,8,19,1,9,21,17,6,24,13,21,5,12,1,18,14,2,15,20,17,3,22,7,9,8,23,6,19,4,16,10,11]
ITI:[5,6,6,5,6,5,7,5,7,6,7,7,7,5,6,7,6,7,5,6,5,5,6,7,5,5,6,5,7,6,7,6,6,7,5,7,5,6,6,5,6,6,7,5,7,7,7,5,7,7,5,6,7,6,6,6,7,5,5,5,7,6,7,6,6,7,5,6,5,7,5,5]
SaccadeITI:[0.663013501360547,1.11826539648464,1.18511965385405,1.41087992073735,0.692019495449495,1.26272088013357,0.827631211176049,1.06557443927741,0.689332791406196,0.64669768702006,1.19678385559237,1.50713827324798,0.791412376833614,0.589551911025774,1.46799831980607,1.031257553061,0.57412383685587,0.958757930702996,0.832999401295092,1.34393331947504,0.724524729920086,1.05778411197243,1.09810648000566,1.32079875821946,0.918514302500989,0.655244650586974,1.32453142622253,0.736894302570727,1.29975273254095,0.812633949366864,0.797783231630456,1.26644054361386,0.935659751563799,1.006552374491,0.711670042749029,1.47703980378574,0.892358360614162,0.731066676124465,1.14753934465116,0.788027898443397,1.47687541603809,0.797069566126447,1.1651352637331,0.938604696921539,1.46367051269626,0.92181401400594,1.33337470729602,0.743265405565035,1.216143754113,0.642417487257626,0.892177013482433,1.19517687152838,1.5035543991602,0.633397224161308,1.34744426192483,0.627482156537008,0.633502041490283,1.29744064438855,0.799631628242787,0.813687708962243]
SaccadeRandomization:[2,0,2,1,0,0,1,1,0,0,0,3,1,1,1,2,0,2,2,3,3,0,3,0,3,1,2,1,1,3,3,3,2,0,2,0,1,2,1,3,3,3,1,2,1,3,2,0,2,2,2,3,1,3,0,3,2,0,0,1,0,2,2,2,2,3,2,1,1,1,3,0,2,0,1,2,0,0,2,2,1,1,0,3,1,2,0,3,1,3,1,0,1,3,2,3,1,0,1,3,3,0,0,1,3,2,3,3,2,3,0,2,0,3,1,0,2,3,1,0,0,1,0,3,2,1,2,3,0,2,2,1,2,1,0,2,2,3,1,2,2,1,1,0,1,0,1,3,3,0,2,3,3,0,3,1,0,1,0,3,0,1,3,1,0,0,2,1,2,2,3,2,1,3,3,0,2,0,3,3,2,2,2,2,0,0,3,3,3,2,1,2,1,1,2,0,0,3,0,1,0,1,0,1,2,3,1,2,3,1,0,3,3,1,0,0,3,3,3,2,2,2,3,1,1,2,1,2,3,0,3,1,3,0,1,0,2,0,1,0]
cost:1
reward:0
reward_amount:[1,1,1,1,1,1,1,1,1,1,1,1,1,1,1,1,1,1,1,1,1,1,1,1,1,1,1,1,1,1,1,1,1,1,1,1,1,1,1,1,1,1,1,1,1,1,1,1,1,1,1,1,1,1,1,1,1,1,1,1,1,1,1,1,1,1,1,1,1,1,1,1]
