decision:1
size:0
numberOfTrials:12
numberOfBlocks:6
numberOfInstances:24
numberOfSaccadeTrials:60
numberOfSaccadeBlocks:4
cost_digits:[24065,65807,348106,3514027,7209846,319650,4379216,6502871,837420,9675308,13785,318746,76301,1756428,8679321,53768,698735,951720,53187,82943,946031,59418,8753649,134798,795236,98514,69540,892057,70842,2197563,16978,690528,35190,6107592,50276,674083,91428,321896,9241637,2571360,8921670,362187,7510836,1392786,95326,9138605,936208,820697,589327,19725,8657402,3864750,346580,1836947,73042,79430,452769,42837,2934607,2563870,8053296,43501,216894,3720689,130729,23740,6392450,63128,502761,90463,437128,602513]
instanceRandomization:[15,1,11,23,9,7,4,21,12,22,14,3,10,18,8,16,2,13,5,20,24,17,6,19,10,7,11,6,2,19,18,5,23,17,21,14,8,15,16,12,13,22,1,3,24,20,9,4,8,6,5,2,16,10,9,13,21,22,24,14,11,4,23,7,18,3,15,19,1,12,17,20]
ITI:[5,7,7,6,5,7,6,5,5,6,6,7,6,5,7,5,7,6,5,6,6,5,7,7,6,5,6,6,5,7,5,7,5,7,6,7,5,6,6,7,6,6,5,7,7,5,7,5,6,7,6,5,5,6,7,7,5,5,7,6,6,6,6,5,5,7,5,7,7,7,6,5]
SaccadeITI:[0.710528277105186,0.593706154508982,1.49205752579728,1.40503417631844,0.585787286760751,0.910450045962352,1.53460152168991,0.629543286527041,1.4548948456184,0.690634530282114,0.592794808803592,0.931742679339368,0.97219443625072,0.616191082645673,0.582778773049358,1.0111701942631,1.0922318271012,0.869460562721361,0.971596953936387,0.670265945617575,0.75771045476431,0.694419901364017,1.23098653788911,0.707302011561114,0.684041050972883,0.815806698298547,0.624150405649561,0.559245756373275,1.23309953209246,0.739900050696451,1.28377428139793,1.29528153642314,1.49112293032231,1.48315591156716,1.18760798174189,1.02875381313497,1.1784572496661,0.750289537955541,0.676477691403125,0.699455668462906,0.872460020717699,1.45617412870051,0.870833860721905,1.34689238459105,0.89243860427523,0.576335304428358,1.07314979425864,0.711591470299754,1.19573188690702,1.30344354432309,1.40102919844212,1.2781142064021,1.45196964057395,1.32020838885801,0.636887456534896,1.2203699848731,1.12219365617493,1.42242293223972,1.31015737518901,1.09889224545332]
SaccadeRandomization:[3,2,0,0,1,0,3,3,0,0,2,3,2,3,2,2,1,1,2,3,3,2,2,0,2,0,3,2,1,3,1,2,1,1,3,0,1,1,3,1,1,1,0,0,0,1,1,1,0,2,0,3,3,0,2,3,3,2,2,0,1,1,3,0,1,0,3,1,3,3,3,1,3,1,0,2,1,3,3,2,0,1,2,2,3,2,2,2,0,2,2,2,0,1,0,3,1,3,0,0,3,0,2,0,2,0,1,1,2,0,2,1,2,3,0,1,0,1,3,3,0,3,3,1,0,0,3,0,0,3,1,0,0,2,2,2,3,3,1,0,3,2,1,2,2,2,1,0,1,3,3,0,2,2,0,1,3,0,0,1,1,0,1,3,3,2,3,1,1,2,1,1,3,2,2,2,1,0,2,3,1,3,3,1,2,2,3,2,0,0,2,3,1,0,3,3,0,1,3,0,1,1,1,0,3,1,2,2,3,0,1,0,2,3,0,1,0,0,2,0,0,1,3,2,0,1,3,0,2,2,2,1,2,3,1,1,3,2,2,3]
cost:1
reward:0
reward_amount:[1,1,1,1,1,1,1,1,1,1,1,1,1,1,1,1,1,1,1,1,1,1,1,1,1,1,1,1,1,1,1,1,1,1,1,1,1,1,1,1,1,1,1,1,1,1,1,1,1,1,1,1,1,1,1,1,1,1,1,1,1,1,1,1,1,1,1,1,1,1,1,1]
