decision:1
size:0
numberOfTrials:12
numberOfBlocks:6
numberOfInstances:24
numberOfSaccadeTrials:60
numberOfSaccadeBlocks:4
cost_digits:[348106,7510836,3720689,42837,346580,2563870,1836947,8753649,91428,452769,43501,63128,73042,216894,437128,70842,1392786,130729,951720,53187,602513,2571360,95326,6392450,3864750,50276,98514,820697,90463,674083,8921670,82943,65807,134798,795236,6107592,589327,318746,321896,690528,19725,35190,9675308,9241637,1756428,7209846,2934607,69540,502761,8053296,76301,6502871,8657402,59418,79430,2197563,319650,892057,8679321,3514027,946031,4379216,837420,13785,9138605,24065,362187,53768,936208,16978,698735,23740]
instanceRandomization:[11,1,7,22,16,14,10,6,8,21,4,19,9,23,17,2,3,18,13,5,20,12,24,15,2,21,7,4,12,14,13,20,1,19,10,17,8,3,15,5,6,23,22,16,18,9,24,11,1,11,10,21,5,17,13,19,7,6,8,23,24,4,12,14,20,15,22,16,9,18,2,3]
ITI:[7,7,5,5,5,6,7,7,6,6,5,6,5,6,6,5,5,7,7,6,5,7,7,6,6,5,7,5,7,7,5,6,7,6,6,5,5,5,7,7,7,7,6,6,6,5,6,5,7,5,5,6,7,5,6,7,5,6,6,7,6,7,7,6,6,7,6,5,5,7,5,5]
SaccadeITI:[0.682836837783301,1.34087231005154,1.14265629597552,1.32314229006491,1.41780819436147,0.794428746864045,0.587227734919482,0.594829791640708,0.566010036455312,1.07128245122343,1.05939834699578,1.4595753382387,0.718937257720002,0.52063781413793,0.558547922825286,1.23848883779331,1.10922772897951,1.33817095839962,1.12733049755528,0.527464242135951,1.23947540898419,1.35627377167887,0.785188458343813,1.4113293070773,1.21329484199717,0.911441446464354,0.626882506949672,1.41301284585691,1.45566927892699,1.1478900997395,0.564399112896839,1.29297490133516,0.657550021955588,0.671476787371406,1.0358446987307,0.826671422641569,1.41437856684982,1.15408648708447,0.478724874272787,1.03492554504968,1.29994471063449,0.561564182579362,1.23008063407227,1.43982165976971,1.29602537392251,1.03690282250366,1.07215732959642,0.636054654089579,0.690015488719413,0.508616104904407,0.852574899975055,1.39139068075068,1.00699930353633,0.794973165910536,0.599159615296715,0.655812655757958,1.44311264897309,1.24462016620285,1.03320228932037,1.33660759515672]
SaccadeRandomization:[2,3,2,3,2,3,1,3,0,3,1,2,2,1,1,0,3,3,1,3,2,0,1,3,1,1,3,0,0,1,0,2,1,0,3,0,0,0,2,3,0,0,2,2,3,0,1,2,2,2,1,2,3,1,1,2,0,1,0,3,1,1,0,3,1,2,3,3,3,1,3,2,0,0,3,1,2,1,0,0,2,2,1,0,2,2,0,0,1,0,0,0,1,1,2,3,3,1,2,1,3,3,1,3,2,3,0,0,2,1,3,2,3,2,0,3,0,1,2,2,2,0,0,2,3,1,1,3,1,1,0,1,2,2,3,1,3,2,3,3,1,2,0,0,1,1,1,3,2,2,3,0,0,2,0,2,2,1,3,3,0,2,3,1,0,1,0,0,2,2,2,3,0,3,1,0,3,0,1,3,1,0,0,0,2,1,1,0,3,0,3,1,2,3,1,2,3,1,0,2,2,1,0,1,3,3,3,2,0,2,2,3,1,2,2,1,1,2,0,0,2,0,0,3,0,2,3,1,1,3,2,0,3,3,3,2,3,1,0,1]
cost:1
reward:0
reward_amount:[1,1,1,1,1,1,1,1,1,1,1,1,1,1,1,1,1,1,1,1,1,1,1,1,1,1,1,1,1,1,1,1,1,1,1,1,1,1,1,1,1,1,1,1,1,1,1,1,1,1,1,1,1,1,1,1,1,1,1,1,1,1,1,1,1,1,1,1,1,1,1,1]
