decision:1
size:0
numberOfTrials:12
numberOfBlocks:6
numberOfInstances:24
numberOfSaccadeTrials:60
numberOfSaccadeBlocks:4
cost_digits:[318746,59418,2571360,69540,82943,2934607,892057,452769,53187,24065,936208,319650,79430,795236,2197563,43501,216894,130729,9675308,3864750,13785,8679321,9241637,7510836,91428,7209846,946031,437128,90463,8753649,16978,35190,8921670,820697,698735,42837,8053296,98514,1836947,134798,1392786,502761,53768,674083,8657402,602513,6392450,50276,346580,65807,589327,73042,63128,951720,9138605,837420,23740,690528,362187,76301,321896,1756428,3514027,2563870,6107592,70842,6502871,3720689,4379216,348106,95326,19725]
instanceRandomization:[3,17,12,11,20,24,6,21,5,15,9,7,13,10,19,4,23,18,22,2,14,8,16,1,8,9,24,17,12,6,18,23,13,4,2,22,11,7,10,19,3,1,16,14,5,20,15,21,16,1,8,9,19,13,20,12,3,5,22,10,15,18,23,14,17,2,21,7,4,11,24,6]
ITI:[5,6,6,5,6,5,5,7,7,7,7,6,6,5,6,5,7,7,6,7,7,5,5,6,6,7,7,7,5,5,6,7,6,6,5,5,7,5,5,7,6,7,5,6,6,5,6,7,6,7,6,5,7,5,6,5,6,7,5,7,5,6,7,6,6,5,7,6,7,5,5,7]
SaccadeITI:[1.38587414822541,0.94368149805814,1.4084821997676,0.778736066073179,1.22255802690051,0.783962837653235,1.0344039676711,1.49108039401472,0.791852558963001,0.857536575058475,0.844820756698027,0.918981656897813,1.28673149016686,0.50906267366372,0.988255728268996,0.941705372417346,1.42962200893089,1.12047934508882,1.07215267489664,1.01298936782405,1.22674828069285,1.14177420106716,0.993386135436594,0.81962409382686,1.42585928877816,0.835540730273351,1.41469602053985,0.790380354505032,0.986173601355404,0.900758846197277,0.839220900088549,1.40048288134858,1.19864435261115,0.661370008718222,0.781653860351071,1.47156964591704,1.07887634402141,0.898698921082541,1.18407936091535,0.546507750172168,0.830889163305983,1.19796488666907,0.568752286024392,0.597263325471431,1.05524184810929,0.7913302925881,1.08203473198228,0.681839781580493,1.16875141207129,0.769094724208117,0.511017661076039,0.943160928087309,0.714395463699475,1.31994707719423,0.835052354028448,1.02591245435178,1.10049697733484,1.00391211407259,1.13374640629627,1.25018118671142]
SaccadeRandomization:[0,3,0,0,2,2,1,0,2,1,1,2,1,3,2,2,2,3,3,2,1,2,1,1,2,0,1,3,3,3,3,2,3,0,3,3,1,1,1,1,0,3,0,0,0,1,3,0,0,0,2,2,1,3,2,2,0,3,0,1,0,2,0,0,1,3,0,3,0,3,2,2,2,2,3,2,1,1,0,2,0,3,3,0,1,1,1,3,3,3,2,2,3,3,0,0,3,2,1,1,0,2,2,0,3,1,1,2,0,0,1,1,1,3,0,1,2,3,2,1,0,2,2,2,2,0,0,1,1,2,3,1,2,0,0,2,3,3,3,0,3,3,3,3,2,0,3,0,3,1,3,2,1,1,0,1,1,1,0,3,1,1,0,3,3,2,0,2,2,2,1,0,1,3,0,2,1,0,2,1,0,0,2,1,3,0,2,0,0,2,3,3,0,2,3,0,3,2,1,3,2,0,2,0,3,3,0,3,0,2,1,0,2,2,3,2,2,0,2,1,2,1,1,1,1,1,1,1,2,3,3,1,1,0,3,0,1,3,3,1]
cost:1
reward:0
reward_amount:[1,1,1,1,1,1,1,1,1,1,1,1,1,1,1,1,1,1,1,1,1,1,1,1,1,1,1,1,1,1,1,1,1,1,1,1,1,1,1,1,1,1,1,1,1,1,1,1,1,1,1,1,1,1,1,1,1,1,1,1,1,1,1,1,1,1,1,1,1,1,1,1]
