decision:1
size:0
numberOfTrials:12
numberOfBlocks:6
numberOfInstances:24
numberOfSaccadeTrials:60
numberOfSaccadeBlocks:4
cost_digits:[134798,1836947,6107592,690528,946031,13785,321896,90463,65807,8921670,35190,43501,1392786,19725,346580,452769,8679321,9138605,698735,9675308,69540,3720689,16978,936208,951720,91428,42837,216894,50276,2563870,8657402,4379216,73042,502761,24065,795236,2197563,602513,318746,98514,3864750,892057,53768,59418,8053296,2571360,130729,2934607,95326,362187,23740,820697,674083,63128,76301,437128,319650,8753649,589327,79430,837420,6392450,82943,348106,1756428,53187,70842,6502871,9241637,3514027,7510836,7209846]
instanceRandomization:[19,10,17,5,24,14,15,12,1,13,23,4,3,6,16,21,8,20,2,22,11,7,18,9,13,8,22,23,21,14,5,4,9,1,15,10,19,20,3,7,2,6,16,17,11,12,18,24,24,22,3,4,14,19,10,17,7,6,8,13,12,15,20,11,18,5,2,21,16,23,1,9]
ITI:[6,7,5,5,5,5,6,7,7,6,6,7,6,6,5,6,7,5,5,7,6,7,5,7,7,5,6,5,7,7,7,5,5,6,6,6,7,7,5,6,7,5,6,5,6,7,5,6,7,7,6,6,5,7,5,6,5,7,6,5,5,5,7,6,7,7,6,7,5,6,6,5]
SaccadeITI:[0.48165513909189,1.2127749941661,0.587711668654811,0.783711047226098,1.39642633273033,1.0182516245055,1.33612319090171,0.739536189555656,1.06867788740201,1.43875754050678,1.35300612155115,0.822173771064263,0.553481991484296,1.46618687416194,0.956894761265721,1.19282153140521,1.00087510173908,0.799656586104538,1.44805959294317,1.06608431491768,0.928102408617269,1.28733041494852,0.883739603764843,1.03681000050856,0.590354111825582,0.832288121420425,1.00166364604374,0.95586247354513,1.14129115556134,0.925713029538747,0.840206185902935,0.717001795617398,0.884570565854665,0.781754053279292,1.32216763178585,1.08011512769153,1.08871098429663,0.931054087437224,1.32027847141726,1.32930544422707,0.860536549089011,0.532101992599201,1.08951488028979,0.674873212201055,0.966730654553976,0.915583850897383,0.587558210210409,0.934102249180432,1.25828648320166,0.6615452452912,1.05325471943943,1.37630262769526,1.08537971259793,1.17192653272068,1.05882637117757,0.925147250841837,1.2321656233049,1.08398517718306,0.880675391142722,1.05031769172056]
SaccadeRandomization:[0,1,2,2,3,1,2,2,1,0,0,3,1,1,3,0,2,2,0,2,1,1,1,2,0,3,0,3,1,2,2,1,3,0,0,3,2,3,3,3,3,3,3,1,3,2,2,1,0,0,0,0,2,2,0,0,1,3,1,1,1,2,2,1,1,3,0,1,0,1,1,0,2,2,0,0,1,2,0,2,3,0,2,1,2,1,1,1,3,2,1,3,3,2,2,3,2,3,0,0,2,0,3,3,3,1,3,3,3,3,0,1,0,3,0,0,0,1,2,2,0,1,0,0,0,3,2,1,1,0,2,0,2,1,1,2,1,3,1,2,2,3,0,3,3,3,0,1,0,3,3,3,2,3,0,3,1,2,3,1,2,2,3,2,0,2,2,3,0,1,2,1,0,1,2,0,3,1,1,0,1,2,0,0,2,0,3,3,1,3,0,1,0,0,3,2,2,0,3,3,1,1,0,2,3,1,1,2,2,1,2,3,2,3,0,0,1,3,1,2,1,3,2,2,1,1,2,3,3,1,0,1,0,0,2,2,0,3,0,3]
cost:1
reward:0
reward_amount:[1,1,1,1,1,1,1,1,1,1,1,1,1,1,1,1,1,1,1,1,1,1,1,1,1,1,1,1,1,1,1,1,1,1,1,1,1,1,1,1,1,1,1,1,1,1,1,1,1,1,1,1,1,1,1,1,1,1,1,1,1,1,1,1,1,1,1,1,1,1,1,1]
