decision:1
size:0
numberOfTrials:12
numberOfBlocks:6
numberOfInstances:24
numberOfSaccadeTrials:60
numberOfSaccadeBlocks:4
cost_digits:[98514,452769,321896,65807,1756428,216894,690528,2571360,9675308,23740,8053296,795236,134798,674083,79430,9241637,19725,3864750,589327,82943,73042,6107592,95326,4379216,319650,318746,8657402,63128,820697,362187,8921670,69540,50276,90463,1836947,91428,2563870,3514027,24065,70842,59418,130729,7510836,346580,602513,2934607,936208,8753649,8679321,951720,946031,16978,7209846,13785,6502871,42837,1392786,6392450,502761,892057,9138605,76301,43501,2197563,35190,53187,53768,348106,3720689,698735,837420,437128]
instanceRandomization:[7,21,15,1,18,23,5,12,22,3,11,10,19,14,13,16,6,2,8,20,9,17,24,4,7,3,5,19,4,22,13,11,21,12,10,8,14,23,15,2,17,18,1,16,20,24,9,6,8,13,24,18,9,14,21,22,3,15,1,6,20,10,4,19,23,5,16,11,7,2,12,17]
ITI:[5,7,7,7,6,5,5,6,6,5,6,7,6,7,5,7,6,7,6,5,6,5,5,7,7,7,6,7,5,7,6,5,6,6,5,5,5,7,5,7,6,5,6,7,6,5,6,7,6,7,5,5,7,5,5,7,6,7,6,6,5,6,7,5,7,5,6,7,6,7,5,6]
SaccadeITI:[1.2548281335854,1.22153130496154,1.46290637362981,1.35578318635235,1.39964894085424,0.831964217091445,1.48190400163876,0.874717018764932,0.869800466310699,0.65238038051175,1.25395664592506,0.655086073756684,1.10534140091622,1.02347862228053,0.617003239656333,1.4191705137142,1.28930281704525,0.787566673674155,0.827517032821197,1.42910683989758,0.559020759270061,1.28007999175461,0.586746589944232,0.655235663021449,1.52130360455485,1.10958502088906,0.726897667127196,0.574648970703129,0.803817056550179,0.805695337441284,1.17221042743186,0.862556228612084,0.728725197922904,0.696232747950125,0.798338909831364,0.992192533065099,0.732084895216394,1.11011142955394,1.19173851442756,0.65406188411871,0.911553499486763,1.41264793808805,0.664214565616567,0.981403868843336,1.16441933527822,1.07623863612534,1.31181658265414,0.533934975939337,1.4692742928979,1.24980490348535,0.700780336710159,0.642759489093441,0.661751205765177,1.52274432239356,1.34495556723559,0.952235961065162,1.30207830780419,1.03585114233429,1.1057869500597,0.581470806349535]
SaccadeRandomization:[3,3,0,2,0,1,0,3,2,0,1,0,3,0,2,3,2,1,3,0,3,1,3,2,2,0,2,1,2,1,2,3,2,1,3,1,0,3,3,3,2,2,1,0,1,0,2,0,1,1,0,1,2,3,0,1,2,0,1,3,1,0,1,1,0,1,2,3,0,3,3,0,2,1,2,1,3,0,1,3,2,2,3,2,2,2,2,2,3,2,2,0,0,1,3,3,2,3,0,3,2,3,1,3,0,1,0,1,1,0,1,0,3,0,1,0,2,0,1,3,0,0,1,2,3,2,3,3,1,0,1,1,0,2,0,1,0,2,3,3,0,1,2,3,2,2,3,1,3,3,2,1,1,0,1,3,2,0,0,2,1,1,3,2,0,3,2,1,3,0,2,1,2,3,0,1,3,0,0,2,1,2,3,0,3,1,2,2,2,1,0,1,1,0,3,2,3,0,0,2,0,2,1,2,3,3,3,0,2,3,2,1,0,1,0,2,3,2,1,1,0,1,2,0,3,1,1,3,0,0,3,2,3,3,1,2,0,3,0,1]
cost:1
reward:0
reward_amount:[1,1,1,1,1,1,1,1,1,1,1,1,1,1,1,1,1,1,1,1,1,1,1,1,1,1,1,1,1,1,1,1,1,1,1,1,1,1,1,1,1,1,1,1,1,1,1,1,1,1,1,1,1,1,1,1,1,1,1,1,1,1,1,1,1,1,1,1,1,1,1,1]
