decision:1
size:0
numberOfTrials:12
numberOfBlocks:6
numberOfInstances:24
numberOfSaccadeTrials:60
numberOfSaccadeBlocks:4
cost_digits:[319650,346580,134798,795236,6392450,23740,437128,690528,19725,2934607,35190,16978,73042,6502871,8679321,2571360,8053296,362187,70842,65807,820697,2563870,82943,8921670,91428,6107592,452769,43501,1392786,79430,1836947,53768,130729,3514027,63128,3864750,95326,936208,42837,348106,837420,9138605,502761,8657402,3720689,13785,892057,321896,2197563,53187,4379216,69540,98514,9675308,589327,9241637,24065,602513,8753649,1756428,76301,318746,90463,50276,698735,216894,951720,7510836,59418,674083,7209846,946031]
instanceRandomization:[7,16,19,10,15,3,17,5,6,24,23,18,9,21,8,12,11,22,2,1,4,14,20,13,8,17,21,4,3,13,10,16,18,23,19,2,24,9,22,11,12,20,1,5,7,14,6,15,19,5,4,11,7,22,8,16,15,20,6,18,10,3,12,21,2,23,13,1,17,14,9,24]
ITI:[7,5,5,7,6,7,5,6,6,7,5,6,5,6,7,7,6,5,6,5,7,5,7,6,7,7,5,6,5,6,5,5,7,6,7,6,7,6,5,6,7,5,6,6,5,7,5,7,7,6,5,7,7,7,6,6,5,5,5,6,5,7,7,5,5,6,7,6,6,5,6,7]
SaccadeITI:[1.1712487099731,1.22054644134284,1.34177557817117,0.984391856895915,0.839673129799,0.740603032944879,1.29636335671336,1.01120173577607,0.964682598788446,1.19829208027028,0.619866090784005,0.547869455259449,1.4887251101473,1.07355881268547,0.787489353636435,0.649614802984676,0.631874356376162,0.727239268556392,0.916260598883188,0.632037085671133,1.0636188471263,1.12313928357714,1.04279858125762,1.48302477873319,0.548049508551291,0.714853343976817,1.16572069325872,1.4296829280948,1.48770385883205,1.00891054068149,0.810323393395326,1.07014354011432,0.622945565221986,1.0125153809359,0.956130019113577,0.94110720018313,1.14560317173988,0.653091088825992,1.00080495998651,0.579586301421902,0.862137059638432,0.802632631691328,1.39306734265216,1.48498420226776,1.23958654115365,0.880548941161639,0.617091671520999,1.38685385785454,1.44673643862285,0.645268846027708,1.02456444148362,0.858199930939979,1.43353967015088,0.588929087579406,1.23785179453359,1.15760186752692,1.12154179783926,1.24427745999225,1.11890944578142,0.752610530894405]
SaccadeRandomization:[3,0,2,0,1,1,3,1,3,2,3,2,3,1,2,0,3,1,2,2,2,3,2,3,0,2,1,2,2,1,0,0,1,1,3,2,1,3,0,3,0,0,1,3,1,2,2,0,2,1,3,0,0,3,0,1,1,0,3,0,3,1,3,2,3,0,1,0,0,2,0,3,1,3,2,0,1,0,0,2,1,2,2,1,2,2,3,1,2,0,3,3,3,0,3,2,2,3,3,3,0,2,1,1,1,1,2,3,1,1,1,0,0,1,0,2,2,0,3,0,2,3,3,1,0,0,1,0,2,2,1,2,2,1,2,0,3,2,1,1,1,3,0,3,3,1,0,0,2,2,3,0,3,2,2,3,0,3,0,0,2,2,1,0,3,3,0,1,1,1,3,1,3,2,0,0,1,3,1,2,1,0,0,0,0,3,0,3,2,2,1,2,2,3,3,1,3,1,3,2,1,2,2,2,0,0,1,3,1,3,2,2,3,0,0,2,0,1,0,3,1,1,3,1,3,3,0,2,3,1,0,1,2,2,2,1,0,3,0,1]
cost:1
reward:0
reward_amount:[1,1,1,1,1,1,1,1,1,1,1,1,1,1,1,1,1,1,1,1,1,1,1,1,1,1,1,1,1,1,1,1,1,1,1,1,1,1,1,1,1,1,1,1,1,1,1,1,1,1,1,1,1,1,1,1,1,1,1,1,1,1,1,1,1,1,1,1,1,1,1,1]
