decision:1
size:0
numberOfTrials:12
numberOfBlocks:6
numberOfInstances:24
numberOfSaccadeTrials:60
numberOfSaccadeBlocks:4
cost_digits:[13785,346580,7510836,602513,59418,79430,589327,23740,7209846,452769,698735,2197563,820697,90463,35190,6392450,98514,9675308,348106,76301,8657402,1756428,8753649,946031,216894,16978,63128,8679321,70842,502761,362187,24065,951720,69540,2563870,318746,936208,43501,6107592,9241637,95326,3720689,6502871,53187,837420,1836947,9138605,892057,795236,690528,134798,53768,319650,1392786,437128,91428,3514027,4379216,42837,321896,82943,130729,19725,65807,8053296,50276,3864750,8921670,2571360,674083,2934607,73042]
instanceRandomization:[14,16,1,20,17,13,8,3,9,21,2,19,4,12,23,15,7,22,11,10,5,18,6,24,23,18,19,8,2,1,22,15,13,11,14,3,9,4,17,16,24,7,21,5,12,10,20,6,10,5,19,16,7,3,17,8,23,4,22,15,20,18,6,1,11,21,2,13,12,14,24,9]
ITI:[6,5,5,7,7,6,6,5,5,7,6,7,5,7,6,5,6,6,5,7,7,5,7,6,7,6,7,6,6,7,7,6,5,5,5,5,6,5,5,6,7,7,6,5,6,7,5,7,6,6,5,6,6,5,5,7,7,5,7,7,7,5,5,5,6,6,7,7,6,6,5,7]
SaccadeITI:[1.18605421738078,1.48246377518711,0.86511767002133,0.990386796634023,1.11186197258842,1.15849797356253,1.40478418649485,1.16326032228147,1.15405467197609,0.997190177657952,0.554301650015016,1.11671319625651,0.767796844461312,0.68189220361722,0.80003800218304,1.36009471256596,0.715019121284907,0.642986174424489,0.949422273769354,1.38230935273071,1.06616702441437,1.0784067045742,0.582374726406609,1.39508298410413,0.708983457631742,0.688122028003757,1.43222825809692,0.640382261931275,0.688400294150536,0.612166865014782,0.667565796275934,1.23242763987121,0.738991633507734,1.43814433853452,1.3680247440779,1.19014692980175,1.40914062409041,0.652989531618853,1.49347510280398,1.46138550502559,0.717473654992258,0.804103263638293,1.11406393999544,0.864408082080384,0.690936512298261,1.21856282300626,0.656294161671152,1.37338058369545,0.779997066579138,1.09238262123739,1.06501004424257,1.32461087310997,0.783708167945345,0.77042096479175,0.920119471599658,0.879021205458169,1.08170514971328,1.26500656477486,0.830915288518493,0.739027815622588]
SaccadeRandomization:[0,2,0,2,0,3,0,0,0,2,2,3,3,2,1,2,3,2,3,0,0,3,3,2,1,0,1,2,2,3,3,0,1,0,0,1,3,0,1,1,3,1,3,2,1,1,1,2,3,2,0,0,1,2,3,1,2,3,1,1,3,2,3,1,2,3,1,1,3,2,0,0,2,1,1,1,1,3,3,0,1,3,3,1,0,2,2,3,0,0,2,0,0,2,1,2,0,1,3,0,0,3,0,1,2,3,2,1,2,3,1,2,0,0,3,3,1,2,2,0,1,0,2,2,2,0,3,1,2,0,3,1,1,1,3,2,1,3,2,1,0,3,2,1,1,3,0,1,3,1,1,1,3,0,0,2,3,1,0,3,0,3,3,0,2,2,1,2,2,3,0,0,2,2,2,0,0,3,0,3,3,0,0,2,0,3,2,3,3,3,1,1,3,1,0,3,0,0,2,2,2,0,3,0,3,2,1,1,3,2,2,1,1,0,3,1,0,2,0,2,3,1,0,1,2,2,1,0,1,1,2,0,2,0,2,1,3,3,1,3]
cost:1
reward:0
reward_amount:[1,1,1,1,1,1,1,1,1,1,1,1,1,1,1,1,1,1,1,1,1,1,1,1,1,1,1,1,1,1,1,1,1,1,1,1,1,1,1,1,1,1,1,1,1,1,1,1,1,1,1,1,1,1,1,1,1,1,1,1,1,1,1,1,1,1,1,1,1,1,1,1]
