decision:1
size:0
numberOfTrials:12
numberOfBlocks:6
numberOfInstances:24
numberOfSaccadeTrials:60
numberOfSaccadeBlocks:4
cost_digits:[2197563,346580,6502871,13785,820697,130729,65807,76301,936208,318746,9675308,59418,2571360,321896,69540,3514027,698735,9138605,95326,53187,319650,8679321,8921670,19725,795236,9241637,2563870,951720,63128,690528,73042,35190,892057,91428,502761,452769,837420,602513,2934607,1756428,24065,98514,1392786,6107592,42837,3864750,43501,8053296,7209846,674083,23740,946031,8753649,134798,437128,79430,362187,7510836,90463,3720689,4379216,8657402,6392450,1836947,82943,53768,16978,216894,348106,589327,70842,50276]
instanceRandomization:[19,16,21,14,4,18,1,10,9,3,22,17,12,15,11,23,2,20,24,5,7,8,13,6,10,16,14,13,19,5,9,23,6,8,1,21,12,20,24,18,15,7,3,17,22,2,4,11,9,14,3,24,6,19,17,13,22,1,12,7,4,5,15,10,20,16,18,23,11,8,2,21]
ITI:[7,6,6,5,7,5,7,5,5,6,7,6,5,6,7,7,6,7,5,5,7,6,5,6,6,5,6,7,5,7,6,5,7,7,5,6,6,5,7,7,6,5,7,6,6,5,5,7,5,7,5,7,6,5,6,7,6,7,6,5,7,6,6,6,5,7,5,7,5,7,6,5]
SaccadeITI:[0.802529178416201,1.37771786735005,0.801269519232058,0.997542099417963,0.925029474632659,1.37961398702658,1.11127452654376,1.03670108769632,0.531836401993254,1.21210995744526,1.20220178002104,1.39856012477151,0.819813384530911,0.956482118317702,1.12295005665704,0.950720385271901,0.658859803663411,0.881228300832057,0.879569712882706,0.57674803873136,0.491145794369125,1.15622227345205,0.567937127170929,0.582773643169397,1.39244439415246,1.22167187239587,1.20032640648618,1.43964722598515,1.1591334031856,0.755470800069937,0.695395392687836,1.3422691576144,0.580165134366446,1.06598754352502,1.41467152079179,0.528479077709683,1.24994070534206,0.87430359175972,0.893311629161083,1.03630600296504,0.873004335533672,1.42073948550581,1.36669844234906,1.05077051240563,0.608354935977453,1.29770202501289,0.464428915498623,1.42779898023776,0.872889945838445,0.98746910164676,0.965313157155955,1.27412605993062,1.3182980109433,1.15709503865413,1.05329973003439,1.05745738567396,0.926437288379141,0.753393109511429,1.2542494219689,0.600113615948552]
SaccadeRandomization:[2,2,1,2,3,3,3,1,1,0,0,1,1,1,1,0,3,3,3,1,2,2,3,1,3,0,3,1,0,1,2,3,3,3,1,0,0,2,2,2,2,3,0,1,2,0,1,0,0,2,3,1,0,0,3,0,2,0,2,2,2,0,0,0,2,0,2,0,2,0,1,0,3,0,2,2,1,1,2,1,2,3,3,2,3,3,0,2,3,1,3,3,1,3,0,1,3,2,2,3,1,3,0,0,0,3,1,2,0,0,1,1,1,1,2,1,3,2,3,1,3,3,3,0,3,1,2,1,2,3,2,2,1,2,2,3,1,1,0,2,2,3,0,2,2,1,3,1,3,2,1,0,0,2,0,0,0,1,3,1,0,1,0,3,0,3,0,1,1,3,3,2,3,2,0,0,1,0,1,2,2,3,3,1,1,1,1,1,0,0,2,2,2,2,0,2,2,3,0,3,1,0,3,2,3,2,0,1,1,0,0,0,2,1,0,0,3,2,2,0,2,2,3,3,3,3,0,1,1,0,3,1,3,2,3,1,1,3,1,0]
cost:1
reward:0
reward_amount:[1,1,1,1,1,1,1,1,1,1,1,1,1,1,1,1,1,1,1,1,1,1,1,1,1,1,1,1,1,1,1,1,1,1,1,1,1,1,1,1,1,1,1,1,1,1,1,1,1,1,1,1,1,1,1,1,1,1,1,1,1,1,1,1,1,1,1,1,1,1,1,1]
