decision:1
size:0
numberOfTrials:12
numberOfBlocks:6
numberOfInstances:24
numberOfSaccadeTrials:60
numberOfSaccadeBlocks:4
cost_digits:[53768,134798,1756428,19725,53187,9675308,452769,319650,437128,3864750,795236,589327,7510836,3514027,79430,4379216,946031,321896,90463,23740,73042,13785,9138605,8053296,6502871,820697,76301,346580,7209846,690528,318746,42837,3720689,216894,8921670,837420,2563870,59418,130729,69540,2197563,91428,8753649,698735,82943,65807,2934607,24065,362187,98514,6107592,951720,6392450,8657402,2571360,43501,892057,602513,95326,936208,50276,16978,674083,70842,8679321,1392786,63128,35190,1836947,348106,502761,9241637]
instanceRandomization:[16,19,18,6,5,22,21,7,17,2,10,8,1,23,13,4,24,15,12,3,9,14,20,11,21,4,10,16,9,5,3,22,7,23,13,12,14,17,18,11,19,8,6,2,20,1,24,15,22,7,17,13,15,5,12,4,6,20,24,9,21,18,14,2,8,3,19,23,10,11,1,16]
ITI:[5,6,5,5,7,7,6,5,6,7,7,6,6,7,5,5,5,7,7,6,5,6,7,6,5,6,6,6,7,7,5,7,5,5,7,6,7,6,5,5,7,6,6,7,5,7,5,6,5,6,5,7,7,6,6,6,7,7,5,5,7,6,6,6,7,7,5,5,6,5,7,5]
SaccadeITI:[1.32062590708956,0.718865671008825,1.15523044699803,0.818667446309701,1.12875905008987,1.41885398845188,1.00448886449449,0.666569126350805,0.755060150567442,1.21845720363781,0.5427696863655,1.25666968016885,1.090815067105,0.567774360114708,1.21628286787309,1.48114329115488,0.873069193493575,1.40084095490165,0.656914935726672,1.07761436658911,0.526452064327896,1.10764949750155,1.16107990620658,0.60363560942933,0.942366968886927,1.05592952743173,0.895817515719682,1.46170330168679,0.48785975696519,0.726654022978619,1.148625119403,0.958329262724146,1.47644942770712,0.728258286649361,1.16712928893976,0.951390961231664,1.34297109749168,0.593307273741811,0.674400243489072,0.683241770183667,0.863535559549928,1.18330003861338,1.40862181973644,0.822911492129788,0.935829523997381,1.30807250370271,1.36991868987679,1.19884070106782,0.619424991356209,1.21448090840131,0.876500957924873,1.06591903422959,1.24451076406986,0.896496871998534,0.597669609403238,1.4449817196466,0.92654352709651,1.26524030957371,0.6764013660606,1.0180764503777]
SaccadeRandomization:[0,0,1,3,2,1,3,3,1,0,0,3,2,0,0,2,0,1,3,1,3,0,2,3,3,2,1,0,2,3,0,0,2,2,3,0,3,2,1,3,2,1,2,3,0,2,0,1,3,3,2,1,1,2,1,0,2,1,1,1,0,3,3,0,2,0,3,3,2,1,1,3,0,1,1,2,3,3,1,3,0,2,3,2,1,3,0,1,0,2,1,2,2,1,2,1,2,1,1,3,2,0,0,0,0,0,3,3,2,3,1,2,1,0,3,1,2,2,0,0,0,2,0,0,3,1,0,2,3,3,3,3,2,0,3,3,3,1,1,1,0,0,2,2,0,1,2,0,3,2,2,0,3,2,2,3,2,0,0,2,1,0,1,2,0,1,3,3,1,1,3,1,1,2,1,1,0,1,3,2,3,2,3,0,0,3,3,2,2,1,0,1,3,1,3,2,1,1,1,1,3,2,2,3,2,3,1,0,0,0,1,2,3,0,2,0,3,3,1,1,1,0,0,2,3,1,3,2,0,1,0,3,2,1,0,2,2,0,2,0]
cost:1
reward:0
reward_amount:[1,1,1,1,1,1,1,1,1,1,1,1,1,1,1,1,1,1,1,1,1,1,1,1,1,1,1,1,1,1,1,1,1,1,1,1,1,1,1,1,1,1,1,1,1,1,1,1,1,1,1,1,1,1,1,1,1,1,1,1,1,1,1,1,1,1,1,1,1,1,1,1]
