decision:1
size:0
numberOfTrials:12
numberOfBlocks:6
numberOfInstances:24
numberOfSaccadeTrials:60
numberOfSaccadeBlocks:4
cost_digits:[589327,73042,8753649,53768,4379216,23740,2563870,362187,8053296,35190,1836947,9138605,59418,130729,502761,24065,134798,690528,319650,95326,6502871,79430,837420,3864750,6392450,2197563,1392786,348106,437128,19725,946031,82943,8679321,70842,16978,8921670,90463,76301,936208,7510836,53187,216894,9241637,820697,674083,3720689,452769,42837,3514027,98514,6107592,321896,65807,43501,2934607,69540,13785,602513,2571360,892057,318746,698735,9675308,7209846,1756428,91428,8657402,795236,346580,50276,951720,63128]
instanceRandomization:[8,9,6,16,4,3,14,22,11,23,10,20,17,18,1,15,19,5,7,24,21,13,12,2,15,19,3,11,17,6,24,20,8,2,18,13,12,10,9,1,5,23,16,4,14,7,21,22,23,7,17,15,1,4,24,11,14,20,12,6,3,2,22,9,18,8,5,10,16,21,13,19]
ITI:[7,6,5,5,7,6,5,6,5,7,7,6,6,5,5,6,7,6,7,7,6,5,7,5,6,5,5,5,6,7,6,7,7,7,5,6,7,5,7,7,5,6,5,5,6,6,7,6,7,6,5,7,6,6,5,5,5,7,6,7,6,6,5,5,7,7,7,7,5,6,5,6]
SaccadeITI:[1.01122933477939,0.698385701429409,1.25766963759282,0.769833289699939,1.42934336365045,1.45884544603371,0.943685004867924,1.37463321877488,1.20783557035805,0.601538693446976,0.745778091864971,1.4848376551255,1.27245591176519,0.538628433047173,0.912537667582122,0.912071377419246,0.60793431327523,1.13683595569649,1.0245794434178,1.2688695994749,0.59136024970406,0.900273856155885,0.719074279683021,0.524602952793551,0.896002684401659,0.641097453337473,1.35428272621551,1.13455314669603,0.959222849140254,0.681405698329521,0.522577103840498,0.891995324667854,0.690481331114036,1.33076572642506,0.529944061449108,1.04550216059045,1.35557569741116,1.31848584060402,0.583594996396763,1.46959355953926,1.1625455472696,1.42554104761997,1.40050704861836,0.808902816528765,1.285751896825,1.33969380860993,0.585313915655327,1.10022303546624,0.56064039762908,1.45706687440009,0.91370491674946,1.01250537173667,1.15310921627873,1.18627484646471,0.967569635629964,0.608959963227001,0.99508604259075,1.19984260402465,0.820935585450691,1.21790602142767]
SaccadeRandomization:[2,2,2,2,1,0,2,3,1,1,2,0,0,2,0,3,0,3,3,3,0,1,1,2,0,1,0,2,0,0,3,0,0,2,1,2,1,1,3,3,0,3,3,1,3,0,1,3,2,2,1,1,1,3,2,1,0,2,3,3,3,2,2,3,3,3,1,0,1,0,1,2,1,0,3,2,1,3,2,2,1,1,2,0,3,3,0,3,1,0,0,1,0,2,1,0,0,3,1,1,0,0,3,2,2,1,2,3,2,0,3,2,2,2,1,0,3,1,3,0,3,3,0,1,3,3,0,1,0,1,3,2,0,2,0,0,1,1,0,1,2,2,1,0,0,3,2,1,0,2,1,3,0,2,2,1,1,3,2,0,1,1,1,0,2,2,0,2,3,3,0,2,3,3,2,3,3,3,1,2,3,1,1,3,3,3,2,0,2,0,0,3,1,2,3,1,1,1,2,0,3,1,2,1,3,1,3,3,2,0,3,1,3,0,2,2,1,1,0,3,1,0,2,0,0,0,2,0,2,3,0,2,2,0,1,3,0,2,2,1]
cost:1
reward:0
reward_amount:[1,1,1,1,1,1,1,1,1,1,1,1,1,1,1,1,1,1,1,1,1,1,1,1,1,1,1,1,1,1,1,1,1,1,1,1,1,1,1,1,1,1,1,1,1,1,1,1,1,1,1,1,1,1,1,1,1,1,1,1,1,1,1,1,1,1,1,1,1,1,1,1]
