decision:1
size:0
numberOfTrials:12
numberOfBlocks:6
numberOfInstances:24
numberOfSaccadeTrials:60
numberOfSaccadeBlocks:4
cost_digits:[892057,82943,59418,6502871,4379216,130729,23740,134798,589327,6392450,69540,3720689,2563870,698735,3514027,79430,2571360,65807,936208,690528,42837,946031,76301,9241637,8657402,8679321,2197563,70842,348106,7510836,90463,437128,9675308,95326,16978,319650,24065,216894,318746,9138605,820697,50276,674083,8753649,53768,73042,8921670,795236,63128,452769,1756428,346580,43501,6107592,8053296,91428,98514,53187,1392786,602513,19725,951720,321896,362187,2934607,3864750,502761,35190,837420,7209846,1836947,13785]
instanceRandomization:[6,20,17,21,4,18,3,19,8,15,11,7,14,2,23,13,12,1,9,5,22,24,10,16,5,8,19,2,11,1,12,17,22,24,18,7,15,23,3,20,4,21,14,6,16,9,13,10,19,21,18,16,4,17,11,8,7,5,3,20,6,13,15,22,24,2,1,23,12,9,10,14]
ITI:[7,6,6,6,7,5,7,5,5,6,5,7,7,6,7,6,5,5,7,6,5,6,7,5,6,7,7,5,6,7,7,5,6,6,5,5,7,5,7,6,5,6,5,7,5,6,6,7,5,7,6,7,7,5,5,6,6,7,6,5,7,5,7,5,5,6,6,7,6,7,6,5]
SaccadeITI:[1.32077779564618,0.635703840661639,1.25653355745211,1.24325088588133,0.663164961520427,1.36168650341763,1.1250382490883,1.03105392763003,0.819132906287753,1.13824021434023,1.26857559047251,0.687042497001433,0.865009735008546,0.991679204298028,0.64802579851433,0.719485934959569,1.32151481313243,0.556621285756895,0.560590967206129,0.531814955776402,0.923291936419749,1.23402615114658,1.30158121944017,1.14831578512288,1.3909101219809,1.36031849043987,0.5566343969161,0.650088201179945,1.30577687280796,1.21725832498244,0.935694697448828,1.43085468178227,1.45929109155744,0.748967979471975,0.552326329653927,0.682350507374698,0.959990804917955,0.974537196704963,0.950918893232786,0.656915033604794,0.862101591328004,0.684848327092671,0.881320140460351,0.706221797173687,1.4358619681055,0.655169400755161,1.43510898728467,0.986166031002843,0.868358043158272,0.860011654808962,0.817969748653316,1.0178291957321,1.2575981853491,1.44930449281431,1.37063361671365,1.32396878385528,0.664394803481021,1.23925547035954,1.12106134895779,1.17782407267562]
SaccadeRandomization:[2,2,1,2,3,2,0,3,0,1,2,2,2,1,0,1,3,2,0,3,1,3,2,0,0,1,3,0,3,3,2,1,1,0,3,0,1,1,1,1,2,0,3,3,2,0,2,2,3,0,2,1,0,1,1,3,0,3,0,3,2,3,3,3,1,1,3,0,3,3,0,3,2,3,0,3,2,2,0,0,0,2,3,3,2,0,0,2,0,2,1,1,2,1,3,3,1,1,1,2,3,0,1,1,2,0,1,2,0,1,1,2,1,0,0,1,2,0,3,2,1,2,2,1,3,1,0,2,2,2,2,3,2,3,1,3,0,3,3,3,3,2,0,1,0,3,1,3,1,3,0,2,2,1,0,3,1,0,0,0,2,0,3,1,0,0,0,0,0,3,3,1,1,2,1,2,2,1,2,1,2,0,2,3,1,1,0,2,3,0,2,1,1,2,2,3,2,3,0,2,2,0,0,3,1,1,1,0,3,1,1,2,2,0,2,2,1,3,0,2,2,3,3,1,3,1,1,0,3,1,3,0,0,1,3,0,0,3,3,0]
cost:1
reward:0
reward_amount:[1,1,1,1,1,1,1,1,1,1,1,1,1,1,1,1,1,1,1,1,1,1,1,1,1,1,1,1,1,1,1,1,1,1,1,1,1,1,1,1,1,1,1,1,1,1,1,1,1,1,1,1,1,1,1,1,1,1,1,1,1,1,1,1,1,1,1,1,1,1,1,1]
