decision:1
size:0
numberOfTrials:12
numberOfBlocks:6
numberOfInstances:24
numberOfSaccadeTrials:60
numberOfSaccadeBlocks:4
cost_digits:[59418,795236,53768,8753649,53187,134798,951720,3720689,946031,50276,69540,4379216,42837,1392786,321896,90463,3864750,502761,216894,16978,8679321,674083,9138605,7209846,6107592,98514,13785,2934607,318746,35190,8657402,602513,9241637,820697,24065,130729,348106,6502871,1836947,362187,837420,8921670,698735,7510836,19725,91428,63128,73042,346580,3514027,76301,82943,2197563,79430,936208,437128,23740,690528,65807,6392450,2563870,892057,1756428,43501,95326,2571360,70842,452769,589327,9675308,319650,8053296]
instanceRandomization:[17,10,16,6,5,19,13,7,24,21,11,4,22,3,15,12,2,1,23,18,8,14,20,9,17,7,14,24,3,23,5,20,16,4,15,18,11,21,10,22,12,13,2,1,6,8,19,9,16,23,10,20,19,13,9,17,3,5,1,15,14,6,18,4,24,12,2,21,8,22,7,11]
ITI:[6,7,6,6,7,6,5,5,5,5,7,7,5,7,6,5,6,7,6,5,7,6,5,7,5,7,6,5,6,7,5,7,5,7,6,6,5,5,6,7,6,7,6,5,6,5,7,7,7,5,6,5,7,6,5,6,7,6,7,5,5,6,5,7,6,5,7,7,5,6,7,6]
SaccadeITI:[1.32230230401037,0.881206841941457,0.985441029339563,0.540701641270425,0.893938471830916,0.606127288227435,1.31136557975551,0.661154459731188,0.731502158602234,1.44316490626661,0.517506047186907,1.20785266001476,1.3638799870736,0.876255376299377,1.19467287979787,1.29829939132323,1.01281108128605,1.39961413856363,0.842648464057129,1.26590444500325,0.819803733879235,1.11906787989428,1.18788185649319,1.41595570304198,1.11431260759709,1.34395591429202,1.32596387065714,1.45027818115195,1.22688027218683,0.549545337713789,0.86133188175736,0.635987459949683,0.467381721630227,0.876259095536079,0.674097814399283,1.18421902720584,0.74435138333356,0.700632043217774,0.996947355137672,0.788249590701889,0.843953292618971,0.913515801809262,0.841742320719641,1.05271821775241,1.34383264653152,1.07096216691425,0.966843100532424,1.11018593729241,1.25556586942403,0.912528839695733,1.45993449682137,0.811753637657966,0.809676570852753,0.533133200171869,0.897931766731199,1.42642045443645,0.778339884511661,1.32669147084234,0.54665162115125,1.2581668221741]
SaccadeRandomization:[0,1,0,2,1,2,3,1,2,1,0,2,1,0,1,2,1,0,0,0,3,2,2,1,3,0,1,2,1,0,3,3,2,2,1,3,3,3,3,2,2,1,1,3,0,0,1,0,1,0,2,3,3,0,0,3,2,3,3,2,1,0,0,1,0,2,0,0,0,1,2,0,1,2,2,1,2,2,3,3,2,3,1,2,1,3,3,3,1,3,2,3,2,0,1,0,2,0,1,3,3,1,2,0,3,1,3,0,1,3,2,2,0,1,0,0,3,2,1,3,3,1,0,2,2,2,0,0,0,1,0,2,3,3,2,3,1,0,2,3,3,1,3,1,0,0,2,1,2,3,0,1,1,1,3,2,2,2,1,1,3,0,0,2,2,3,0,1,0,2,1,3,0,1,3,3,0,2,1,3,2,3,1,2,2,3,1,0,3,3,1,0,3,0,2,1,0,1,3,0,0,0,0,2,2,2,3,0,0,3,2,3,1,1,0,0,3,2,1,1,2,3,1,1,3,1,0,2,0,2,2,2,3,1,0,3,2,3,1,1]
cost:1
reward:0
reward_amount:[1,1,1,1,1,1,1,1,1,1,1,1,1,1,1,1,1,1,1,1,1,1,1,1,1,1,1,1,1,1,1,1,1,1,1,1,1,1,1,1,1,1,1,1,1,1,1,1,1,1,1,1,1,1,1,1,1,1,1,1,1,1,1,1,1,1,1,1,1,1,1,1]
