decision:1
size:0
numberOfTrials:12
numberOfBlocks:6
numberOfInstances:24
numberOfSaccadeTrials:60
numberOfSaccadeBlocks:4
cost_digits:[348106,65807,16978,73042,362187,4379216,53187,8921670,2934607,90463,2197563,6107592,9138605,6392450,795236,8679321,452769,216894,53768,23740,674083,70842,892057,319650,24065,3720689,3514027,19725,13785,8053296,82943,837420,1836947,3864750,502761,946031,8657402,951720,318746,42837,7209846,63128,43501,130729,437128,50276,589327,9241637,91428,98514,690528,76301,95326,1392786,321896,602513,8753649,936208,134798,2571360,59418,9675308,79430,346580,7510836,1756428,820697,2563870,69540,35190,6502871,698735]
instanceRandomization:[11,1,18,9,22,4,5,13,24,12,19,17,20,15,10,8,21,23,16,3,14,2,6,7,15,7,23,6,14,11,20,12,10,2,1,24,5,13,3,22,9,19,4,18,17,21,8,16,8,7,5,10,24,3,15,20,6,9,19,12,17,22,13,16,1,18,4,14,11,23,21,2]
ITI:[6,7,6,5,7,5,5,6,6,5,7,7,5,6,7,6,7,5,5,7,6,6,5,7,6,5,7,5,6,5,7,6,6,5,7,7,5,7,5,5,7,6,7,7,6,5,6,6,7,6,6,7,7,5,5,5,6,5,6,7,6,5,7,6,6,7,5,7,7,6,5,5]
SaccadeITI:[0.874569760561765,1.11677683603096,0.60480632695447,0.716101942510189,1.27542230386365,0.736922596507551,0.84851777033958,1.08092196464616,1.46430208736177,0.978065157933937,0.626206308995218,0.986264418969707,0.863579189098285,1.05598097822707,0.832909553238036,1.1574247429807,0.905351800537513,1.20430313206355,1.35622459805648,1.46154921238388,1.07293370032761,0.658159529250891,1.55109424835149,0.909347655177893,0.654595196639032,0.5912045954455,1.09280559343363,0.895159436316074,0.897494940944792,1.1871019885138,0.621957063368366,0.754438191345738,0.616391732982205,0.769174653264539,1.20128750607449,1.1089609476466,0.783131366056235,1.32035124667066,0.572513861042292,1.46907782198008,1.45824872089628,1.33582686229687,0.864190356033699,1.29109527023587,1.12846467566754,1.18358168347816,1.00821194999929,1.1640799603619,0.830884173438729,0.632770635113896,1.17024977195154,0.799178523170607,1.4959801318318,1.08754618179131,0.880175361103223,0.996798605584384,1.31192739347074,0.66488614345047,0.827635440668867,0.994886203362451]
SaccadeRandomization:[1,3,1,2,3,1,3,1,3,1,3,1,1,2,1,0,3,0,2,3,0,1,0,0,0,0,0,2,2,0,3,1,1,3,2,0,0,0,2,0,2,3,1,2,1,3,2,1,0,3,2,3,2,2,2,2,0,3,3,1,0,1,2,3,1,2,1,3,2,3,3,2,0,1,3,3,1,0,2,3,0,1,1,0,1,3,2,1,0,2,0,2,0,2,0,0,1,3,2,1,1,3,3,0,0,3,2,2,3,1,1,3,2,2,0,0,0,3,2,1,2,3,1,3,3,0,2,1,0,1,1,0,3,2,0,3,3,1,1,1,3,0,2,1,2,0,0,2,3,2,0,2,0,3,3,0,2,2,1,3,0,2,3,0,0,3,2,1,3,1,2,1,0,1,3,0,1,2,1,2,3,1,1,2,0,0,1,2,0,1,2,3,3,0,3,1,3,2,1,0,2,2,2,0,1,3,3,3,3,2,2,1,2,1,2,3,0,0,1,1,1,3,0,1,0,0,2,3,2,0,0,3,3,2,3,1,0,2,0,1]
cost:1
reward:0
reward_amount:[1,1,1,1,1,1,1,1,1,1,1,1,1,1,1,1,1,1,1,1,1,1,1,1,1,1,1,1,1,1,1,1,1,1,1,1,1,1,1,1,1,1,1,1,1,1,1,1,1,1,1,1,1,1,1,1,1,1,1,1,1,1,1,1,1,1,1,1,1,1,1,1]
