decision:1
size:0
numberOfTrials:12
numberOfBlocks:6
numberOfInstances:24
numberOfSaccadeTrials:60
numberOfSaccadeBlocks:4
cost_digits:[690528,348106,73042,437128,3514027,70842,674083,837420,3720689,82943,50276,43501,95326,23740,79430,8679321,6392450,346580,7510836,1836947,134798,9675308,892057,1756428,1392786,7209846,130729,42837,589327,3864750,8921670,76301,602513,502761,2571360,946031,63128,69540,820697,19725,321896,35190,452769,9241637,6107592,13785,98514,8657402,6502871,216894,53187,65807,59418,936208,362187,53768,319650,8053296,16978,4379216,91428,795236,8753649,951720,2563870,698735,90463,24065,2934607,9138605,318746,2197563]
instanceRandomization:[5,11,9,17,23,2,14,12,7,20,21,4,24,3,13,8,15,16,1,10,19,22,6,18,3,9,18,22,8,2,13,10,20,1,12,24,19,11,4,6,15,23,21,16,17,14,7,5,21,23,5,1,17,9,22,16,7,11,18,4,8,10,6,13,14,2,12,15,24,20,3,19]
ITI:[6,5,6,5,7,6,7,7,5,6,7,5,5,5,5,6,6,7,7,7,7,5,6,6,6,6,7,5,7,5,7,5,5,6,7,6,5,5,7,7,6,5,6,6,7,5,6,7,6,7,6,5,5,5,7,5,6,7,6,7,6,7,5,7,6,7,6,7,5,5,6,5]
SaccadeITI:[1.25316100937004,1.16423394877153,0.77096013884681,1.49871180738943,1.17375266665282,1.16751340354482,0.574637840703751,1.33150244058731,1.28813690921913,1.35005948899003,1.33407481896381,1.38358462808343,1.20911590612183,0.897018079847718,1.07172743553917,1.07488899046245,0.574803619381661,1.25521076467509,0.626731560301657,1.46042238568577,0.640713696336995,0.768454802191506,0.983985288968931,0.829414943202088,0.781952880291889,0.772839744311447,0.970518273037548,0.984689841947208,0.940567215640719,0.529576334838445,0.755058551176141,1.20512924037563,0.692614388621102,1.40451473297241,1.39920339101615,1.0095634385633,0.914546267331267,0.956463455657164,1.08677673243607,0.859059465086708,0.557034074763457,0.982975789547587,0.764792797357465,0.542006873960296,1.05654558163757,1.02578489828544,0.910179447817306,1.14876493249709,0.993671133151899,1.44552029014255,1.27107449338461,0.694407095635931,1.0907728739238,1.24932664257164,1.32295686003442,1.37937270823556,0.576491261568541,0.760403598627696,0.665529928837592,0.61649819087858]
SaccadeRandomization:[3,3,0,2,1,2,3,2,1,3,0,2,2,3,2,1,1,3,3,0,3,1,3,3,1,0,0,1,1,3,1,1,0,0,0,1,1,0,1,2,3,2,0,0,0,3,3,0,2,0,2,1,2,2,2,2,1,3,0,2,0,1,0,3,0,1,2,0,0,0,2,3,2,3,1,2,1,0,3,0,2,3,1,2,0,2,0,3,1,3,0,3,1,0,2,1,3,1,3,1,2,2,3,1,3,0,3,0,2,1,2,3,2,1,1,2,3,0,1,2,1,1,0,3,0,3,3,1,0,3,1,1,2,0,0,1,0,2,0,1,3,1,0,2,1,2,2,1,2,2,0,3,2,2,2,3,0,1,3,0,2,3,1,3,2,1,3,3,0,1,3,1,0,0,2,0,3,2,2,3,0,3,3,0,0,3,1,2,0,0,1,3,1,3,3,2,2,2,1,1,0,1,1,1,2,2,2,2,3,1,3,3,2,0,0,1,1,0,2,3,1,3,3,0,0,0,1,0,1,1,2,2,3,2,3,0,2,2,3,0]
cost:1
reward:0
reward_amount:[1,1,1,1,1,1,1,1,1,1,1,1,1,1,1,1,1,1,1,1,1,1,1,1,1,1,1,1,1,1,1,1,1,1,1,1,1,1,1,1,1,1,1,1,1,1,1,1,1,1,1,1,1,1,1,1,1,1,1,1,1,1,1,1,1,1,1,1,1,1,1,1]
