decision:1
size:0
numberOfTrials:12
numberOfBlocks:6
numberOfInstances:24
numberOfSaccadeTrials:60
numberOfSaccadeBlocks:4
cost_digits:[3864750,346580,502761,6502871,90463,951720,98514,7209846,42837,690528,2197563,130729,6107592,318746,6392450,589327,82943,674083,2934607,43501,35190,69540,76301,8753649,698735,795236,53187,892057,8053296,8921670,59418,63128,3514027,837420,95326,16978,602513,452769,23740,7510836,3720689,73042,13785,321896,4379216,362187,9241637,8679321,79430,1756428,946031,70842,91428,9675308,2571360,2563870,134798,319650,1392786,19725,936208,8657402,53768,348106,24065,9138605,216894,65807,1836947,820697,437128,50276]
instanceRandomization:[2,16,1,21,12,13,7,9,22,5,19,18,17,3,15,8,20,14,24,4,23,11,10,6,2,10,5,6,11,13,17,19,23,12,24,18,20,21,3,1,7,9,14,15,4,22,16,8,13,18,24,2,8,22,12,14,19,7,3,6,9,5,16,11,15,20,23,1,10,4,17,21]
ITI:[5,5,5,6,6,7,6,6,7,7,7,5,7,5,6,7,5,6,5,7,7,5,6,6,5,5,6,7,7,7,5,6,6,7,5,6,5,6,5,5,6,7,7,7,6,7,5,6,7,7,7,5,6,6,5,6,5,6,5,7,5,5,7,7,6,7,5,7,6,6,6,5]
SaccadeITI:[0.453628907713573,1.32439125099918,0.947075014736038,1.37910617588786,1.13034921236103,1.30026665682672,1.29659248007229,1.07736094322754,1.13769688041648,0.776808660046663,1.37202177502913,0.821405265515204,0.737013940501492,0.944586323841941,1.34374274060829,1.11442754793679,0.706249534653034,1.26916782328626,0.751846248784568,0.598372302518692,1.25876994550927,1.33077922979137,1.14897865689127,0.818715896259528,1.30402610966703,1.35852946204832,1.17880933712004,0.749432950548362,0.592796693358105,1.02875975150382,0.767299265402835,1.35335009385599,1.26154672777047,1.06721686226083,0.698843560682144,1.37469000768615,0.423034524812829,1.12870012576459,1.28436077506049,0.808633503306191,1.0767340413644,0.524925953045022,0.708511662238743,1.21678228330566,1.26660712951561,1.15413857813692,0.956941951566841,1.22436996902106,0.499064020847436,1.32909655038966,1.16424229348777,0.96467459857231,0.744806313922163,0.747358065366279,0.622752740781289,1.15083302048733,1.13034025001107,0.753688490053173,0.811316359124612,0.533432564500254]
SaccadeRandomization:[3,2,0,3,2,3,2,3,2,2,0,1,0,3,0,3,2,3,1,0,3,3,2,2,1,2,1,1,1,3,2,1,3,0,2,1,1,3,0,0,1,3,0,1,1,2,0,3,0,0,1,2,0,0,2,1,0,3,1,2,3,2,0,2,1,1,2,0,1,2,3,1,3,0,0,2,2,1,1,3,2,2,1,1,3,3,3,1,0,0,1,1,3,0,3,3,1,1,3,2,0,1,2,0,2,1,0,0,2,3,2,0,2,0,0,3,2,3,3,0,1,3,0,2,1,1,3,3,3,0,1,0,2,3,1,3,0,0,3,3,1,0,3,2,0,2,2,1,1,0,0,2,2,2,3,0,1,2,2,3,0,1,1,0,3,2,1,0,1,2,1,3,2,3,0,1,2,0,3,2,2,1,3,0,1,2,2,0,3,3,0,1,1,2,0,1,0,2,2,3,3,3,3,1,2,2,2,3,1,0,1,0,3,3,2,0,1,2,3,0,3,0,0,0,1,1,2,0,2,1,2,3,3,2,3,1,0,1,0,1]
cost:1
reward:0
reward_amount:[1,1,1,1,1,1,1,1,1,1,1,1,1,1,1,1,1,1,1,1,1,1,1,1,1,1,1,1,1,1,1,1,1,1,1,1,1,1,1,1,1,1,1,1,1,1,1,1,1,1,1,1,1,1,1,1,1,1,1,1,1,1,1,1,1,1,1,1,1,1,1,1]
