decision:1
size:0
numberOfTrials:12
numberOfBlocks:6
numberOfInstances:24
numberOfSaccadeTrials:60
numberOfSaccadeBlocks:4
cost_digits:[452769,2563870,820697,70842,98514,59418,69540,63128,9138605,502761,130729,7209846,2934607,8657402,951720,8753649,346580,321896,35190,42837,1836947,90463,8679321,318746,13785,4379216,8921670,3864750,946031,690528,91428,216894,2197563,6392450,1756428,53768,319650,82943,837420,8053296,65807,50276,9675308,23740,73042,892057,795236,437128,19725,24065,53187,79430,362187,76301,7510836,674083,6502871,589327,134798,6107592,936208,348106,698735,43501,2571360,3720689,9241637,95326,602513,3514027,16978,1392786]
instanceRandomization:[21,14,4,2,7,17,11,19,20,1,18,9,24,5,13,6,16,15,23,22,10,12,8,3,14,4,13,2,24,5,8,23,19,15,18,16,7,20,12,11,1,21,22,3,9,6,10,17,6,15,5,13,22,10,1,14,21,8,19,17,9,11,2,4,12,7,16,24,20,23,18,3]
ITI:[7,6,6,5,6,7,6,7,5,5,5,7,6,7,5,6,6,6,5,5,7,7,5,7,5,7,7,5,5,7,5,7,6,6,6,6,6,5,5,7,7,6,5,7,5,7,6,6,5,7,6,7,6,7,5,7,6,5,6,5,6,7,6,5,7,5,6,7,5,5,6,7]
SaccadeITI:[1.34058322308119,1.08332550565246,0.514511049888097,1.07700690201018,1.02915541937109,1.16529525809456,0.689853338222019,1.35434340911452,1.32216360552702,0.8652422711486,0.654980797949247,0.995265267719515,1.10606269065756,1.36513362212572,1.35880459954496,1.02352123770397,1.05418591147754,0.478197820181958,0.764692190033384,0.695703486842103,0.734634652431123,0.756995415710844,1.40445790176745,1.04586962044705,1.08136011350434,1.36935318999458,0.785537100792862,1.166643893742,0.690926629514433,1.31071088898461,1.19337868916336,0.894753129617311,1.14003987067845,0.575648588291369,0.612521382211707,1.42681583289523,0.768524708622135,1.02030072284397,0.483616149215959,0.692645947146229,1.15531337952707,0.984846222144552,1.39008545565885,0.684829662251286,0.793772703432478,1.31523065844085,1.03948976208922,0.857224999857135,1.33382021698635,1.15511070347857,0.604101277585141,1.06902988527436,1.41746882342268,1.3167928109644,0.727374372235499,1.29897283941973,0.768534237914719,1.24325001116376,0.697691144584678,1.05429879964795]
SaccadeRandomization:[2,2,0,1,1,1,2,0,2,2,2,0,2,2,0,3,3,0,3,1,0,1,3,1,1,3,2,3,0,1,3,0,3,3,3,1,3,3,2,2,2,1,3,2,0,1,3,1,0,0,1,0,3,0,2,1,0,1,2,0,1,3,3,3,3,1,1,2,2,0,2,1,1,3,1,3,0,2,2,2,0,0,3,3,3,1,1,2,2,2,3,2,0,0,1,1,1,2,2,2,0,0,3,3,1,0,0,2,0,1,3,0,1,0,1,2,3,0,0,3,1,2,0,1,1,0,0,1,3,2,0,0,3,1,3,1,0,0,2,0,3,0,1,0,1,2,2,1,2,2,3,0,3,2,2,0,3,2,1,3,0,3,2,1,3,1,3,1,3,2,2,2,3,3,1,3,1,0,2,0,2,0,2,2,3,1,2,0,1,2,1,0,0,3,0,0,3,2,3,1,2,0,3,0,0,1,2,0,0,3,1,3,0,2,3,1,1,1,1,3,2,2,2,1,1,3,2,1,3,3,3,1,3,0,1,2,2,3,0,0]
cost:1
reward:0
reward_amount:[1,1,1,1,1,1,1,1,1,1,1,1,1,1,1,1,1,1,1,1,1,1,1,1,1,1,1,1,1,1,1,1,1,1,1,1,1,1,1,1,1,1,1,1,1,1,1,1,1,1,1,1,1,1,1,1,1,1,1,1,1,1,1,1,1,1,1,1,1,1,1,1]
