decision:1
size:0
numberOfTrials:12
numberOfBlocks:6
numberOfInstances:24
numberOfSaccadeTrials:60
numberOfSaccadeBlocks:4
cost_digits:[79430,8657402,6392450,69540,437128,319650,674083,502761,35190,19725,2934607,50276,1392786,820697,362187,7209846,70842,837420,91428,53768,2197563,130729,9138605,1836947,936208,8053296,90463,8679321,95326,318746,24065,346580,7510836,53187,42837,602513,4379216,892057,3864750,452769,951720,6107592,98514,63128,16978,2563870,795236,3514027,589327,3720689,9241637,2571360,946031,73042,23740,6502871,216894,43501,1756428,65807,698735,13785,321896,82943,76301,59418,348106,690528,8753649,134798,9675308,8921670]
instanceRandomization:[13,5,15,11,17,7,14,1,23,6,24,21,3,4,22,9,2,12,8,16,19,18,20,10,9,11,12,8,24,3,15,16,1,5,22,20,4,6,2,21,13,17,7,19,18,14,10,23,8,7,16,12,24,9,3,21,23,4,18,1,2,14,15,20,10,17,11,5,6,19,22,13]
ITI:[5,7,7,6,6,7,6,5,6,5,5,7,6,5,5,5,7,6,6,7,6,7,7,5,5,6,6,6,5,7,7,5,7,6,5,7,6,6,5,7,7,5,5,6,6,5,7,7,6,5,5,5,7,6,7,5,7,6,6,7,7,6,5,7,7,6,5,6,7,5,5,6]
SaccadeITI:[1.44476830880546,1.34824226368607,0.90142895761334,0.559988477178073,1.47574754679032,1.04494595076346,1.11065986068376,1.34481563526594,1.16847181404398,0.620882746907106,0.730470373671657,1.37088065026716,1.32527572373316,0.871920775300047,1.19449228831024,0.60091610243932,1.41738722627439,0.589272750452316,0.908812856910906,0.591704399701363,0.994856950504861,0.798689057728431,1.23858202938378,1.47917960039728,1.315800233422,1.16146015972287,1.32475815751047,0.545348457902825,0.549692892380214,1.35051086233386,0.609582896720773,0.796679029850444,0.557673722649148,1.00073002782107,0.655005602309636,0.546877779442972,0.713885241797349,1.36208248432182,1.44604252875239,1.42401329977826,0.669777834698713,0.92859533559919,0.79592920341917,0.935027005294493,1.26964764148385,0.784289525732553,0.664467524647868,1.50012350329586,1.08355189222299,1.11023100130648,0.544838383238918,0.825293992091126,1.26107845679314,0.58692908930049,0.749200948424793,1.36459835633092,1.08128282442146,0.847252318546331,1.29732755516112,1.20802188446202]
SaccadeRandomization:[1,2,2,1,3,2,1,1,3,0,0,2,0,0,3,3,1,3,2,1,1,1,3,0,0,3,1,0,1,1,2,2,0,3,3,0,3,1,1,2,0,0,1,2,0,0,2,2,2,3,2,1,3,2,0,3,2,0,3,3,2,0,0,2,3,1,2,3,2,1,3,1,3,2,0,1,0,3,2,2,3,3,0,2,3,0,2,1,2,1,3,0,2,3,1,0,1,1,1,0,0,3,1,3,0,3,2,0,3,0,3,2,0,0,1,2,1,1,1,2,1,1,0,2,2,0,2,3,2,1,1,1,0,0,3,3,3,0,1,1,1,2,3,2,2,2,3,0,1,0,2,3,0,1,0,3,2,0,2,3,2,3,0,1,2,3,3,1,0,3,0,0,3,1,1,2,2,1,3,0,3,0,1,0,0,0,1,3,3,2,0,1,2,3,0,3,1,0,1,0,0,2,1,2,2,2,0,3,1,1,3,2,2,3,3,0,1,1,3,2,2,2,0,1,3,1,3,2,2,0,3,0,2,1,1,2,1,3,0,3]
cost:1
reward:0
reward_amount:[1,1,1,1,1,1,1,1,1,1,1,1,1,1,1,1,1,1,1,1,1,1,1,1,1,1,1,1,1,1,1,1,1,1,1,1,1,1,1,1,1,1,1,1,1,1,1,1,1,1,1,1,1,1,1,1,1,1,1,1,1,1,1,1,1,1,1,1,1,1,1,1]
