decision:1
size:0
numberOfTrials:12
numberOfBlocks:6
numberOfInstances:24
numberOfSaccadeTrials:60
numberOfSaccadeBlocks:4
cost_digits:[9675308,348106,936208,8679321,90463,9138605,2563870,4379216,16978,8753649,452769,698735,95326,63128,98514,318746,795236,346580,3514027,59418,321896,53187,79430,7510836,8921670,43501,362187,23740,589327,50276,65807,437128,216894,837420,76301,8053296,946031,6392450,690528,9241637,3720689,892057,13785,70842,7209846,2197563,1756428,82943,53768,35190,502761,134798,674083,820697,130729,19725,24065,2571360,602513,91428,8657402,6107592,3864750,6502871,73042,1836947,2934607,69540,42837,951720,1392786,319650]
instanceRandomization:[22,11,9,8,12,20,14,4,18,6,21,2,24,19,7,3,10,16,23,17,15,5,13,1,13,4,22,3,8,21,1,17,23,12,10,11,24,15,5,16,7,6,14,2,9,19,18,20,16,23,1,19,14,4,18,6,15,12,20,8,5,17,2,21,9,10,24,11,22,13,3,7]
ITI:[7,5,7,5,7,6,6,5,6,5,6,7,7,5,7,5,5,6,5,6,6,7,6,7,7,5,7,5,7,5,6,5,7,6,6,6,6,5,5,7,7,6,6,5,7,5,7,6,5,6,7,6,5,5,7,6,7,7,6,5,7,7,6,7,6,5,7,5,6,5,5,6]
SaccadeITI:[1.12442962867208,1.35198092432693,1.46259592934512,0.859543465496972,1.31346442685463,1.44857095712796,1.10120375473052,1.07506550657563,0.614407168887556,0.901769716246054,1.41890196823515,0.503396590659395,1.22565567791462,0.495001747226343,1.29400942842476,0.537995360279456,1.46037961980328,0.988281728886068,1.16830853763968,1.39647644334473,1.26498563257046,1.15983908968046,1.45912517951801,1.17006372842006,0.727252133842558,0.843131916550919,1.04491139827296,0.876946571469307,0.760278177866712,1.34132367949933,0.881838512793183,1.43550008903258,0.693964124144986,1.35982509697787,0.917136137792841,0.796952362125739,0.669901675963774,1.02748867166229,1.35074210208841,1.16036089947447,0.655648302938789,1.44121790835634,1.0233273726888,0.867860468057916,1.23119648215361,0.844464562553912,0.700652257725596,1.18088828581385,0.672310723178089,0.647523171221837,0.581153136864305,0.792898677708581,0.803759986488149,1.052196097048,0.512239651242271,0.542148787016049,1.00914494479075,1.06756300544366,0.736283712275326,0.954516706010327]
SaccadeRandomization:[0,3,3,3,0,1,1,0,2,2,0,3,1,0,3,3,0,2,3,3,3,2,0,1,2,0,2,3,2,1,1,3,1,2,0,1,1,0,1,0,1,3,2,2,0,0,2,2,1,0,2,3,0,1,2,3,1,3,2,1,0,1,2,1,2,0,0,1,3,3,0,1,1,1,2,3,0,0,2,1,0,1,2,0,1,1,2,0,1,3,2,3,3,0,1,3,3,1,0,2,3,2,1,2,3,0,2,3,2,3,1,3,3,0,2,2,0,0,3,2,1,0,0,1,2,1,1,0,0,3,0,2,1,2,0,0,2,2,3,1,2,2,2,0,0,1,2,1,2,0,3,2,3,3,1,3,3,3,3,3,2,3,1,3,0,2,1,3,1,2,3,0,1,2,0,1,0,0,1,3,1,3,0,0,1,2,1,2,3,0,0,1,0,0,2,0,0,3,2,0,1,1,2,2,2,1,1,3,1,1,3,2,2,1,2,1,3,3,1,3,3,0,2,3,0,0,2,2,0,3,3,2,1,3,2,3,1,3,0,0]
cost:1
reward:0
reward_amount:[1,1,1,1,1,1,1,1,1,1,1,1,1,1,1,1,1,1,1,1,1,1,1,1,1,1,1,1,1,1,1,1,1,1,1,1,1,1,1,1,1,1,1,1,1,1,1,1,1,1,1,1,1,1,1,1,1,1,1,1,1,1,1,1,1,1,1,1,1,1,1,1]
