decision:1
size:0
numberOfTrials:12
numberOfBlocks:6
numberOfInstances:24
numberOfSaccadeTrials:60
numberOfSaccadeBlocks:4
cost_digits:[42837,50276,936208,19725,1756428,53768,24065,90463,502761,795236,4379216,35190,951720,2934607,602513,134798,2563870,437128,23740,3720689,8679321,3864750,8053296,690528,348106,2571360,59418,8753649,82943,6502871,698735,946031,589327,7209846,346580,8657402,43501,79430,98514,362187,13785,63128,321896,1392786,1836947,16978,216894,7510836,70842,2197563,76301,452769,9241637,8921670,91428,53187,69540,820697,674083,9138605,95326,65807,3514027,130729,6107592,6392450,9675308,319650,837420,892057,318746,73042]
instanceRandomization:[22,21,9,6,18,16,15,12,1,10,4,23,13,24,20,19,14,17,3,7,8,2,11,5,11,12,17,6,20,21,2,24,8,9,16,5,4,13,7,22,14,19,15,3,10,18,23,1,2,19,10,21,16,13,8,5,11,4,14,20,24,1,23,18,17,15,22,7,12,6,3,9]
ITI:[5,7,5,5,7,6,6,7,7,6,5,6,6,6,6,7,7,7,5,5,7,5,5,6,6,5,7,7,6,7,5,5,6,5,7,6,6,5,7,5,6,7,5,6,6,5,7,7,6,7,7,6,5,5,5,7,5,6,7,6,6,7,6,7,7,5,5,5,5,7,6,6]
SaccadeITI:[0.972428451719073,0.974869588351188,1.40346403159977,1.06214064379067,0.935240575306428,0.499578526903254,0.603215092521471,0.708774327261684,0.662181630691824,0.95172781283812,0.76145203198151,0.907793902986062,0.830578218408239,1.44856646932506,1.15197736719468,1.29027324422107,0.803796252429796,0.994399097010804,1.34824899021381,1.38600882627846,0.711706917694149,1.08404149483734,0.694855632221637,1.18654047787034,0.679859129906011,1.44216064941914,1.17079162151398,0.816464921886412,1.30610487908901,1.2940658419005,0.926496776713369,0.746010301130203,0.544099660318655,0.921678777046812,0.90722436151312,0.739823551111234,1.2580568480383,1.17064745836736,1.39746610769847,1.43298929925853,0.991917770782796,1.21732961010033,1.37890415471823,0.798544547248942,0.577470342357022,0.788178207779614,1.39842322860689,1.06708274707974,1.27706427728602,0.608382114636091,1.21162886308351,1.01622789349252,1.04240955152394,1.45225065826283,0.606552487200436,0.678567397835043,1.15523385578611,0.753509853927729,0.863062738402126,0.989459911322532]
SaccadeRandomization:[1,2,3,1,2,2,0,0,2,1,0,3,0,3,1,3,2,2,2,0,1,3,3,1,3,2,2,3,1,2,1,3,0,0,2,3,3,0,0,2,2,1,0,1,3,0,1,0,3,3,1,1,3,0,0,2,1,1,0,2,1,0,1,3,1,1,0,1,0,1,3,2,2,2,3,3,3,0,0,0,0,2,1,3,0,0,1,2,0,3,2,2,2,2,0,1,1,3,0,1,3,1,3,2,2,3,0,0,3,3,1,1,3,1,0,3,2,2,2,2,1,0,2,0,3,0,2,1,3,1,3,3,1,0,3,2,0,2,3,1,2,2,2,1,0,3,0,0,2,2,3,1,3,2,2,1,3,0,2,2,0,2,3,3,0,3,1,1,1,1,0,0,1,0,3,3,0,2,1,1,0,2,2,0,1,2,3,0,0,1,1,3,0,2,3,3,3,3,1,1,3,2,0,0,3,0,3,2,2,1,0,1,1,1,0,0,3,3,1,0,3,0,1,3,2,2,0,2,3,1,2,1,2,2,2,1,3,1,0,2]
cost:1
reward:0
reward_amount:[1,1,1,1,1,1,1,1,1,1,1,1,1,1,1,1,1,1,1,1,1,1,1,1,1,1,1,1,1,1,1,1,1,1,1,1,1,1,1,1,1,1,1,1,1,1,1,1,1,1,1,1,1,1,1,1,1,1,1,1,1,1,1,1,1,1,1,1,1,1,1,1]
