decision:1
size:0
numberOfTrials:12
numberOfBlocks:6
numberOfInstances:24
numberOfSaccadeTrials:60
numberOfSaccadeBlocks:4
cost_digits:[24065,65807,946031,82943,1392786,42837,319650,19725,589327,1756428,8921670,73042,2197563,76301,70842,820697,6502871,2571360,674083,348106,3514027,8657402,437128,346580,9675308,16978,7510836,35190,23740,9241637,452769,1836947,698735,951720,8679321,837420,63128,6392450,892057,936208,98514,13785,69540,43501,2934607,6107592,690528,602513,3864750,50276,502761,795236,321896,95326,362187,90463,79430,130729,318746,7209846,53768,3720689,2563870,216894,8053296,59418,53187,4379216,91428,134798,8753649,9138605]
instanceRandomization:[15,1,24,20,3,22,7,6,8,18,13,9,19,10,2,4,21,12,14,11,23,5,17,16,22,18,1,23,3,16,21,10,2,13,8,12,19,15,6,9,7,14,11,4,24,17,5,20,2,21,1,10,15,24,22,12,13,18,3,9,16,7,14,23,11,17,5,4,8,19,6,20]
ITI:[7,6,5,6,6,5,7,7,6,7,5,5,5,7,5,6,7,5,7,6,7,5,6,6,6,5,6,7,7,6,5,7,7,5,6,5,5,5,6,5,7,5,6,7,6,7,7,6,7,6,5,5,6,5,7,7,5,6,7,6,5,6,6,5,6,7,7,7,5,7,6,5]
SaccadeITI:[1.27077794593448,0.880330343792836,0.745050493224214,1.27117718063916,1.28217393235924,0.848492635010431,1.5152387889723,0.64511177741612,0.591404562645281,1.47269261168937,1.40012807638074,0.962012020001809,0.697870830136041,0.685058335835735,1.09225090436327,1.22195657604995,0.810983622508744,1.41593654320265,1.51712677447746,1.35487563262383,0.607618154554317,1.13182786928179,1.00407987327004,1.24398368114295,0.912071865579734,0.861391970018546,1.21274705959174,0.585193043171118,1.33711994375723,0.991539439714203,0.555055847453574,1.31321197312015,0.964400882196302,1.5143908379289,0.564752949230994,1.05870634277041,0.66990009585085,1.19659966166752,0.75655970100003,1.18828710198092,0.684251756236578,0.738142086022223,0.547795599854241,0.567371292567502,1.48047970008726,0.875391427722449,0.851099575000505,1.36929300550061,0.614669799633945,0.763311672319348,1.29842353851224,0.727361251662175,0.883527662434305,1.06912479928384,0.584960419513906,0.890992150238405,1.18683659640762,0.672452433795358,1.52995067026156,1.31447668240095]
SaccadeRandomization:[2,0,1,0,3,1,2,3,2,1,3,0,2,0,1,1,3,3,2,0,1,3,1,2,0,0,2,2,2,2,1,0,0,3,2,1,3,0,2,3,1,3,2,1,3,1,2,1,3,0,1,3,2,3,0,0,1,3,0,0,3,2,0,1,2,3,0,0,0,2,1,2,3,2,1,0,3,1,2,1,0,1,3,2,1,3,1,1,3,2,0,1,2,2,1,1,2,0,3,0,1,3,0,2,2,0,2,2,3,3,0,1,1,0,0,3,3,0,3,3,0,2,0,2,1,0,1,0,1,3,2,3,1,2,3,2,1,2,0,1,3,0,1,0,0,0,2,2,0,0,2,3,1,2,1,0,3,2,3,3,3,1,0,1,3,3,2,1,2,1,3,0,3,2,0,1,1,2,3,3,0,0,1,3,1,1,2,0,1,3,2,2,1,2,3,1,3,1,3,2,1,0,2,1,0,2,1,0,3,0,3,0,0,1,2,2,1,0,2,0,3,3,2,1,2,2,0,3,3,0,1,0,3,3,3,2,2,3,1,0]
cost:1
reward:0
reward_amount:[1,1,1,1,1,1,1,1,1,1,1,1,1,1,1,1,1,1,1,1,1,1,1,1,1,1,1,1,1,1,1,1,1,1,1,1,1,1,1,1,1,1,1,1,1,1,1,1,1,1,1,1,1,1,1,1,1,1,1,1,1,1,1,1,1,1,1,1,1,1,1,1]
