decision:1
size:0
numberOfTrials:12
numberOfBlocks:6
numberOfInstances:24
numberOfSaccadeTrials:60
numberOfSaccadeBlocks:4
cost_digits:[951720,6392450,53768,837420,73042,98514,8753649,65807,4379216,35190,9675308,452769,2197563,95326,8053296,589327,3864750,6107592,53187,674083,318746,76301,130729,602513,43501,90463,7209846,13785,502761,348106,8657402,50276,437128,8921670,9138605,3514027,795236,8679321,42837,698735,1392786,19725,16978,24065,319650,2934607,134798,346580,1756428,2563870,91428,23740,63128,2571360,690528,7510836,216894,6502871,3720689,936208,362187,69540,59418,820697,82943,321896,9241637,79430,892057,1836947,946031,70842]
instanceRandomization:[13,15,16,12,9,7,6,1,4,23,22,21,19,24,11,8,2,17,5,14,3,10,18,20,4,12,9,14,1,11,5,21,17,13,20,23,10,8,22,2,3,6,18,15,7,24,19,16,18,14,8,3,19,12,5,1,23,21,7,9,22,11,17,4,20,15,16,13,6,10,24,2]
ITI:[5,7,5,7,7,6,5,6,7,6,5,6,6,5,7,7,6,5,7,5,7,6,6,5,5,5,6,6,5,7,5,6,6,7,7,7,5,6,5,6,7,6,7,6,5,7,7,5,6,7,5,6,7,5,7,5,6,6,7,5,6,6,5,6,7,5,7,6,5,5,7,7]
SaccadeITI:[1.39561589255851,0.630378301561965,0.908707178271531,1.08549546806995,1.08821378352974,1.21579722066332,0.710647012413635,0.847063299109383,1.00376325457279,1.2768609307978,0.542480804332687,1.51167725499642,0.585456558809771,1.14331440821212,0.628663662196292,0.964542768503694,1.30311257585806,1.04418190669191,0.668825639019875,0.662418242152004,1.04868154747334,0.587496869805424,0.610852074883102,1.07446172770966,0.893700769244848,1.31257883257155,0.673169714239581,0.781306816338717,1.12805194135678,1.44685779030357,1.43290345727388,0.97209522088912,0.797661681267588,1.17899865990427,0.6075893394455,0.751269575980647,1.50147354191092,1.2480556960955,1.35763844948184,1.38133417752494,0.952793789169906,1.339342042179,0.544956964048712,1.16711291817871,1.09030594241728,0.935292350434853,0.713287350329726,1.02625322651972,1.44229440933947,0.584788319030001,1.42592629192319,1.31140389580202,0.609948011188923,0.740356983225017,0.824698536963357,0.939548536510362,1.24223441917372,0.967410131897001,0.887756115364997,1.25089572028179]
SaccadeRandomization:[1,1,3,0,0,1,3,3,1,3,3,0,1,2,1,2,0,2,3,0,0,3,1,0,0,2,1,2,3,3,0,3,1,0,2,2,0,1,0,2,2,1,1,0,2,2,0,2,0,2,1,1,3,3,3,2,1,2,3,3,3,3,2,0,2,1,0,1,3,3,0,2,0,2,1,2,0,3,3,1,2,1,0,1,0,1,0,2,3,1,2,0,2,1,1,2,2,1,2,0,0,0,0,1,2,3,3,2,0,1,1,2,1,3,3,3,3,3,3,0,3,0,0,2,1,2,3,0,2,2,1,1,3,0,2,2,1,3,1,1,3,0,0,2,3,0,1,3,0,2,0,3,3,1,0,1,0,0,3,1,0,2,3,2,2,1,0,2,1,2,1,3,3,3,2,1,3,0,1,2,2,2,3,3,0,0,1,3,0,3,3,1,0,3,0,3,2,3,3,1,3,2,1,1,2,0,0,3,2,0,0,1,1,3,1,2,1,3,1,2,1,3,2,3,0,1,2,0,1,2,0,0,0,1,0,2,2,2,2,1]
cost:1
reward:0
reward_amount:[1,1,1,1,1,1,1,1,1,1,1,1,1,1,1,1,1,1,1,1,1,1,1,1,1,1,1,1,1,1,1,1,1,1,1,1,1,1,1,1,1,1,1,1,1,1,1,1,1,1,1,1,1,1,1,1,1,1,1,1,1,1,1,1,1,1,1,1,1,1,1,1]
