decision:1
size:0
numberOfTrials:12
numberOfBlocks:6
numberOfInstances:24
numberOfSaccadeTrials:60
numberOfSaccadeBlocks:4
cost_digits:[8657402,98514,50276,73042,216894,24065,8921670,602513,6107592,837420,8753649,43501,346580,13785,130729,134798,2934607,362187,1836947,69540,91428,698735,1392786,7510836,319650,90463,437128,674083,35190,502761,63128,9675308,318746,8679321,1756428,3864750,76301,53187,19725,53768,321896,6502871,951720,7209846,820697,95326,8053296,9138605,65807,348106,2571360,4379216,82943,2563870,795236,79430,3514027,70842,452769,6392450,42837,23740,16978,690528,892057,2197563,9241637,3720689,936208,946031,59418,589327]
instanceRandomization:[5,7,21,9,23,15,13,20,17,12,6,4,16,14,18,19,24,22,10,11,8,2,3,1,7,12,17,14,23,1,19,22,3,8,18,2,10,5,6,16,15,21,13,9,4,24,11,20,1,11,12,4,20,14,10,13,23,2,21,15,22,3,18,5,6,19,16,7,9,24,17,8]
ITI:[6,7,6,7,5,7,6,7,5,5,5,6,5,6,5,5,7,7,5,6,7,6,7,6,5,7,5,5,7,7,6,6,5,6,7,6,5,7,5,6,7,6,6,7,7,5,6,5,6,6,6,5,5,6,5,7,5,7,7,7,7,7,6,6,5,5,7,6,5,5,7,6]
SaccadeITI:[0.859020398421368,1.27941333451696,0.575176441300816,0.855571095556176,1.01983054769613,1.34280242929623,1.36121656834536,1.06784977177546,1.03328363127463,0.675426723392835,0.70519337123648,0.741288754580698,0.895384168442494,1.1653127113396,0.971439919624633,1.38193880273417,1.04943126994573,1.15672120633923,0.890849066855541,1.06493870583751,1.08703632671774,0.794888953635624,0.737607455304048,0.575170240787944,1.36542079896123,1.14515145863794,1.27846302390487,0.72797887372241,1.43093556906485,0.807337285209602,0.922616344833902,1.22586237076127,1.34405972897463,0.649661125805384,1.16260418850385,1.41497144680858,0.752188981700844,0.90942929215186,0.519773554247028,0.847877909619516,1.08152423212693,1.02076703771406,1.49105848949791,1.28471737467141,0.859493074430308,1.48179074535534,0.576418030033043,0.924650866495601,0.646695492280802,1.0932160720268,0.664686354532993,1.13647693577611,1.28974087625199,0.707230479413799,0.675104712093404,0.707489541689089,0.815026269018805,1.27587214340844,1.16387361702897,1.31304380828903]
SaccadeRandomization:[0,2,3,3,1,2,1,2,0,3,1,3,2,2,0,3,1,3,1,1,3,0,0,0,2,0,0,3,2,3,3,1,0,1,2,0,0,1,3,1,3,0,0,2,3,1,1,2,2,2,0,2,2,0,3,2,1,1,1,3,2,2,0,3,0,3,2,1,0,2,0,0,3,1,2,1,2,0,1,3,3,0,3,2,1,2,2,2,2,3,1,1,0,3,2,1,3,3,2,1,1,3,3,2,1,1,3,3,0,0,0,0,0,2,1,1,1,3,0,0,3,3,3,2,0,0,2,0,3,3,3,2,2,0,1,1,1,3,2,2,1,2,3,3,0,2,2,1,0,1,2,0,0,0,1,1,3,2,0,1,0,1,3,2,1,3,1,1,0,0,2,3,1,2,0,3,1,3,0,2,2,3,2,3,1,0,2,1,3,0,1,0,0,3,3,2,1,2,1,0,2,2,1,0,0,1,1,2,2,3,0,1,2,0,0,0,3,0,3,0,3,3,2,3,3,2,1,1,1,0,1,3,1,2,1,2,2,3,0,3]
cost:1
reward:0
reward_amount:[1,1,1,1,1,1,1,1,1,1,1,1,1,1,1,1,1,1,1,1,1,1,1,1,1,1,1,1,1,1,1,1,1,1,1,1,1,1,1,1,1,1,1,1,1,1,1,1,1,1,1,1,1,1,1,1,1,1,1,1,1,1,1,1,1,1,1,1,1,1,1,1]
