decision:1
size:0
numberOfTrials:12
numberOfBlocks:6
numberOfInstances:24
numberOfSaccadeTrials:60
numberOfSaccadeBlocks:4
cost_digits:[43501,318746,892057,936208,53768,98514,2197563,951720,9675308,452769,59418,348106,502761,2563870,95326,8657402,6392450,91428,82943,3864750,216894,76301,1756428,2571360,9241637,6107592,23740,50276,130729,70842,9138605,8753649,24065,362187,7209846,8053296,90463,63128,35190,4379216,795236,319650,8921670,65807,946031,589327,690528,674083,6502871,19725,1392786,820697,837420,73042,602513,437128,1836947,346580,42837,13785,3514027,321896,16978,2934607,53187,3720689,698735,7510836,79430,8679321,69540,134798]
instanceRandomization:[4,3,6,9,16,7,19,13,22,21,17,11,1,14,24,5,15,8,20,2,23,10,18,12,16,17,3,21,18,2,20,6,15,22,9,11,12,19,23,4,10,7,13,1,24,8,5,14,21,6,3,4,12,9,20,17,10,16,22,14,23,15,18,24,5,7,2,1,13,8,11,19]
ITI:[6,6,5,7,5,5,7,5,7,6,6,7,5,7,6,6,6,5,5,7,7,7,5,6,6,6,5,5,7,5,7,7,6,5,6,7,5,6,6,5,7,6,5,7,7,6,7,5,7,7,5,7,6,5,6,6,5,5,6,7,6,5,6,6,6,7,7,7,5,5,5,7]
SaccadeITI:[0.53167675016836,0.746288995495221,0.632196067836291,0.816614257641292,0.807253168201229,1.28431195207328,0.840536961801505,0.896473314151323,0.551784423649466,1.43970465241388,0.918707163775495,1.40408533485994,0.563996467277563,0.767794833289615,0.793383644199154,1.31266435981185,0.656799596738226,0.549370292810878,0.583701055500812,1.15610681986824,0.820912373023263,0.962468737041733,0.855336434211737,1.17667367426135,0.638766903899765,1.2772879952138,1.43671117630244,1.37138426327535,0.928750517781979,1.07923309738204,0.595802775820872,0.650993049847117,0.989108607409677,1.1936917833557,1.35316318390348,1.23774364544467,1.4805973486548,0.902912303343571,1.31846089708076,1.45100393356212,0.794529437091357,0.769876093607551,0.849106093174002,1.0834788342511,1.47200854774953,1.52410579985396,1.32831182517499,1.07899076934361,1.04883690458179,0.553131563592857,0.897042516855678,1.39518488105775,1.25927976449408,0.984005274254984,0.879824700303531,1.02828915976376,1.31724996725485,0.741517201302728,1.38913993025587,0.631637923656187]
SaccadeRandomization:[2,0,2,3,2,1,1,3,1,3,2,0,0,1,0,1,1,0,2,1,3,0,0,0,2,0,2,0,3,3,1,2,3,3,0,1,0,0,2,3,0,3,3,2,1,3,1,0,2,3,2,1,2,2,1,3,3,2,1,1,2,2,3,1,3,0,1,2,0,3,1,0,1,3,2,1,2,3,0,0,1,3,0,1,1,3,0,1,1,0,3,1,3,3,0,3,1,1,2,2,3,2,3,2,2,1,0,2,0,2,0,0,2,2,0,0,3,3,1,2,2,0,1,3,1,2,3,3,0,1,2,0,3,2,1,2,0,0,3,1,2,0,2,1,3,0,3,3,1,1,2,2,0,1,2,0,1,2,2,0,1,1,1,2,0,0,2,3,3,3,3,0,2,0,0,3,1,3,3,1,0,3,3,3,0,1,2,1,2,2,3,2,1,1,0,2,2,0,0,2,1,3,0,1,1,2,3,0,2,2,3,2,0,3,1,0,0,3,2,0,2,0,3,1,2,0,1,0,1,0,1,3,2,3,1,1,3,3,3,1]
cost:1
reward:0
reward_amount:[1,1,1,1,1,1,1,1,1,1,1,1,1,1,1,1,1,1,1,1,1,1,1,1,1,1,1,1,1,1,1,1,1,1,1,1,1,1,1,1,1,1,1,1,1,1,1,1,1,1,1,1,1,1,1,1,1,1,1,1,1,1,1,1,1,1,1,1,1,1,1,1]
