decision:1
size:0
numberOfTrials:12
numberOfBlocks:6
numberOfInstances:24
numberOfSaccadeTrials:60
numberOfSaccadeBlocks:4
cost_digits:[134798,318746,698735,7510836,69540,130729,9241637,9138605,8679321,95326,98514,73042,4379216,50276,1836947,42837,674083,321896,951720,216894,59418,8753649,53187,2571360,8657402,1756428,437128,1392786,795236,82943,70842,63128,79430,3720689,348106,362187,3514027,43501,892057,65807,53768,24065,589327,2563870,936208,2934607,837420,6502871,23740,9675308,346580,6107592,3864750,8921670,16978,7209846,2197563,690528,946031,319650,6392450,13785,8053296,76301,602513,35190,502761,820697,90463,91428,19725,452769]
instanceRandomization:[19,3,2,1,11,18,16,20,8,24,7,9,4,21,10,22,14,15,13,23,17,6,5,12,5,18,17,3,10,20,2,19,13,7,11,22,23,4,6,1,16,15,8,14,9,24,12,21,3,22,16,17,2,13,18,9,19,5,24,7,15,14,11,10,20,23,1,4,12,8,6,21]
ITI:[6,7,5,7,5,6,7,5,5,6,6,7,5,5,5,7,5,6,6,6,7,7,6,7,6,6,7,5,7,7,5,5,6,6,5,7,6,6,5,6,5,5,7,6,7,7,7,5,5,7,6,7,7,6,6,5,6,5,5,7,7,6,6,6,5,6,7,5,5,7,5,7]
SaccadeITI:[1.44105093845865,1.12897836127086,0.716304603859317,0.914107092318591,0.763523841404822,1.09172429296887,0.847112639935222,1.47695331963478,1.07874927100493,1.49334384839749,1.02012629703386,1.27087465500226,0.5307862128946,0.61209106760798,0.937759512697812,1.09427789890906,1.17584463920211,1.09010856192326,1.29018642556621,0.889556718652602,1.10730437411694,0.988446993182879,0.743375512666535,0.583263201534282,0.583023217401933,0.641635544726159,0.927869885822292,1.29799032945884,1.34944542812882,1.26944757521851,0.932826949644368,1.39425277652917,1.16450088903075,0.519958461762872,0.687604763905983,0.953006100968923,1.10459571181564,1.22510807857616,1.0972802395816,0.745950900379103,0.912675579672214,0.660107291198801,0.557726743991952,1.48533983425004,0.882423678773921,1.20521037596045,1.33158863418503,1.1768292099121,1.27998489410384,0.911053066502791,1.48218069168506,0.816288752609398,0.894653918815311,1.09700492945267,1.04754647043301,0.766012248245534,0.518263542454224,0.88564225275768,0.941229715605732,0.967891036195215]
SaccadeRandomization:[1,1,2,3,0,3,0,0,0,1,3,2,1,3,1,2,3,3,2,0,3,3,2,0,0,0,0,1,0,1,1,2,2,0,2,2,2,2,3,0,1,1,3,3,1,1,3,3,2,0,3,1,0,1,3,2,2,0,1,2,1,2,0,2,0,3,0,3,3,3,3,2,0,1,2,1,2,1,2,3,0,1,1,0,3,1,2,3,1,2,1,0,1,2,0,3,1,3,0,3,2,2,2,1,0,3,1,2,0,1,0,3,0,1,3,0,0,2,3,2,0,3,2,2,1,2,1,0,0,0,3,3,0,0,0,0,0,1,3,0,0,3,0,2,3,3,1,3,2,2,1,3,1,0,2,2,1,3,2,3,2,1,0,2,1,2,1,1,3,0,2,2,1,2,3,1,3,3,1,1,0,1,3,2,2,3,2,2,1,3,3,3,3,3,3,3,1,2,1,1,0,2,3,2,1,0,0,2,0,1,0,0,0,1,3,0,3,1,2,2,0,3,1,3,0,3,1,1,2,0,1,0,2,2,1,2,2,0,1,0]
cost:1
reward:0
reward_amount:[1,1,1,1,1,1,1,1,1,1,1,1,1,1,1,1,1,1,1,1,1,1,1,1,1,1,1,1,1,1,1,1,1,1,1,1,1,1,1,1,1,1,1,1,1,1,1,1,1,1,1,1,1,1,1,1,1,1,1,1,1,1,1,1,1,1,1,1,1,1,1,1]
