decision:1
size:0
numberOfTrials:12
numberOfBlocks:6
numberOfInstances:24
numberOfSaccadeTrials:60
numberOfSaccadeBlocks:4
cost_digits:[602513,437128,65807,95326,1836947,6502871,690528,820697,936208,2563870,2571360,69540,98514,19725,318746,63128,698735,8679321,9241637,3514027,24065,1756428,362187,79430,23740,16978,7510836,6107592,73042,892057,35190,9675308,76301,9138605,319650,346580,13785,53187,589327,452769,43501,321896,8921670,3864750,348106,2197563,837420,2934607,8657402,4379216,59418,216894,7209846,795236,91428,8053296,82943,946031,3720689,502761,134798,70842,1392786,50276,130729,53768,6392450,90463,674083,8753649,951720,42837]
instanceRandomization:[20,17,1,24,10,21,5,4,9,14,12,11,7,6,3,19,2,8,16,23,15,18,22,13,3,18,1,17,9,6,23,22,10,20,7,16,14,5,8,21,4,15,13,2,11,19,12,24,5,4,17,23,9,10,8,11,20,24,7,1,19,2,3,21,18,16,15,12,14,6,13,22]
ITI:[5,5,7,5,6,5,7,7,7,6,6,6,6,7,6,7,6,6,7,5,5,5,5,7,5,6,7,6,7,5,5,5,6,7,6,7,7,5,6,5,6,7,6,5,7,5,7,6,7,6,5,7,5,6,6,5,7,5,6,7,6,5,7,7,5,5,6,7,7,5,6,6]
SaccadeITI:[1.42899947131518,1.28826250375714,1.08590377268847,1.3212290288182,0.754285869025625,1.35680204031523,0.542389263003133,1.12815451303031,1.35145529040601,1.09761573311407,0.79840514396783,1.39366396127734,1.37006624166388,1.4379505865043,0.673604337568395,1.18020904141013,0.536462599947117,0.860329690459184,0.858063345612027,1.40925262060482,1.38234035840724,1.11199605402071,1.3974096498685,1.45779102139641,0.912261777394451,0.667631244356744,0.553304561716504,0.486781342723407,0.590734504000284,1.21626229591202,0.863405672437511,0.703970555751585,0.902984387311153,1.16004399636295,0.713689266308211,1.08956276166718,0.927077452722006,0.563851661351509,0.576894479407929,1.15393718199339,0.938501821667887,0.692911041737534,0.812548428843729,0.872386367828585,0.861779356445186,1.09964757256676,1.15516838252079,0.858775852085091,1.41579910723958,0.802191329025663,0.949355617933907,1.11961354997475,1.13870576450136,1.09598832747433,1.07006691170391,1.10183369957376,0.803591020940803,1.07013010077644,1.09635928210337,0.739611185458489]
SaccadeRandomization:[1,3,1,1,2,2,3,1,0,0,2,2,1,1,0,0,3,1,0,3,2,1,0,2,0,2,2,3,3,3,3,0,2,1,1,0,0,1,1,3,2,2,3,3,0,1,2,3,0,0,2,2,0,3,1,1,2,3,3,0,3,2,2,2,0,1,1,0,0,0,2,3,3,2,0,0,3,0,1,1,3,2,2,0,0,3,3,3,1,2,0,0,1,3,1,2,3,1,2,2,3,2,2,1,2,3,3,3,0,1,1,1,3,1,1,0,1,0,2,0,0,2,3,2,0,0,0,2,2,3,3,2,1,1,0,1,1,1,2,3,2,3,3,0,1,2,1,2,3,0,0,1,1,3,0,2,1,3,0,2,3,1,2,1,3,1,2,0,0,2,1,3,3,0,0,3,3,2,0,1,1,1,2,0,3,3,2,1,1,1,0,1,1,3,0,3,2,0,1,1,1,2,3,2,1,1,2,2,3,1,3,2,0,3,1,2,0,0,2,0,0,3,0,0,0,3,0,2,2,3,1,2,2,0,2,3,3,3,0,3]
cost:1
reward:0
reward_amount:[1,1,1,1,1,1,1,1,1,1,1,1,1,1,1,1,1,1,1,1,1,1,1,1,1,1,1,1,1,1,1,1,1,1,1,1,1,1,1,1,1,1,1,1,1,1,1,1,1,1,1,1,1,1,1,1,1,1,1,1,1,1,1,1,1,1,1,1,1,1,1,1]
