decision:1
size:0
numberOfTrials:12
numberOfBlocks:6
numberOfInstances:24
numberOfSaccadeTrials:60
numberOfSaccadeBlocks:4
cost_digits:[9138605,79430,346580,8657402,2563870,8053296,820697,837420,98514,502761,42837,3514027,95326,892057,73042,130729,6502871,3864750,2197563,24065,23740,589327,76301,437128,82943,65807,946031,53187,8679321,321896,362187,674083,319650,1392786,7209846,16978,348106,216894,59418,70842,9241637,50276,19725,134798,2571360,1836947,4379216,8921670,6392450,9675308,698735,43501,2934607,53768,318746,1756428,452769,795236,13785,936208,7510836,602513,90463,3720689,91428,63128,690528,951720,35190,6107592,8753649,69540]
instanceRandomization:[20,13,16,5,14,11,4,12,7,1,22,23,24,6,9,18,21,2,19,15,3,8,10,17,20,1,24,5,8,15,22,14,7,3,9,18,11,23,17,2,16,21,6,19,12,10,4,13,15,22,2,4,24,16,3,18,21,10,14,9,1,20,12,7,8,19,5,13,23,17,6,11]
ITI:[5,6,6,7,7,5,5,7,6,6,5,7,5,6,7,7,7,6,6,5,6,5,5,7,5,6,5,7,5,6,7,6,7,7,5,6,5,7,6,7,7,5,6,5,6,5,7,6,5,7,5,6,7,7,5,6,7,5,6,6,7,5,7,7,6,6,5,7,6,5,6,5]
SaccadeITI:[0.756059287926958,1.07898023270148,0.739437198146091,1.34062560775395,0.783989332496033,1.09897181868631,0.807605705103682,1.3637601620246,1.22409507596943,1.24878808541301,1.0468439581998,0.763758818265827,1.07802423403676,0.647477526097403,1.12850780121128,0.9706925210737,1.02549001399505,1.44813344988118,1.38111370184536,0.651454785951258,0.697996501923383,0.83538211567405,0.899768847386197,1.05384384432885,0.765601071874456,1.33703100669275,0.577432804155008,0.886865625968979,1.41260817658234,1.493786060131,1.24757814581584,1.14547272293906,1.2812898339432,0.521724761343406,0.567741796952517,1.37585660803209,0.95139145582992,1.15117551490742,0.57233969901766,1.35350640897717,1.31299831217232,1.00117732036936,1.43530036171045,0.734846195318581,0.563409428457574,1.35118322667743,0.522117630458282,1.45894962164651,1.26770998222831,0.718657668559657,0.530556440698759,1.2615435527366,0.575424139966102,0.670404309286581,0.561852769107403,0.826470147698031,0.764696159745411,1.49424990417513,1.47309810935597,0.763152400377051]
SaccadeRandomization:[1,2,0,3,1,1,0,0,3,1,1,2,3,3,1,1,2,0,1,1,0,2,2,3,3,3,3,2,2,2,2,3,0,3,0,3,0,2,2,0,2,0,3,3,0,2,3,1,1,1,0,0,0,2,1,1,1,3,2,0,3,1,1,1,0,2,2,2,3,0,1,1,0,3,3,2,3,3,1,1,3,0,0,2,1,3,1,0,3,2,1,3,1,3,2,2,2,2,0,2,3,3,2,3,0,2,0,2,0,0,3,1,0,1,0,0,2,1,1,0,0,2,1,0,0,2,1,2,3,1,2,2,3,0,3,0,3,0,1,1,2,2,3,1,0,1,2,1,2,3,0,3,2,3,1,1,2,1,3,2,0,1,1,0,0,3,1,3,2,0,0,0,1,0,3,3,3,2,2,3,2,3,1,0,3,0,1,2,3,2,2,3,2,3,0,0,0,3,3,2,0,3,1,1,1,1,0,2,3,3,0,0,1,2,1,2,2,3,1,0,2,2,3,0,3,1,0,2,2,0,1,3,3,1,1,1,1,0,0,2]
cost:1
reward:0
reward_amount:[1,1,1,1,1,1,1,1,1,1,1,1,1,1,1,1,1,1,1,1,1,1,1,1,1,1,1,1,1,1,1,1,1,1,1,1,1,1,1,1,1,1,1,1,1,1,1,1,1,1,1,1,1,1,1,1,1,1,1,1,1,1,1,1,1,1,1,1,1,1,1,1]
