decision:1
size:0
numberOfTrials:12
numberOfBlocks:6
numberOfInstances:24
numberOfSaccadeTrials:60
numberOfSaccadeBlocks:4
cost_digits:[820697,2571360,13785,589327,3514027,8921670,318746,7510836,9675308,452769,98514,16978,936208,1836947,24065,53768,8053296,82943,892057,59418,53187,2197563,946031,698735,321896,4379216,348106,95326,35190,7209846,9241637,3864750,134798,23740,79430,2563870,319650,8679321,130729,50276,19725,6107592,8657402,42837,76301,837420,602513,502761,8753649,795236,437128,70842,63128,91428,346580,2934607,69540,1756428,216894,690528,362187,9138605,1392786,674083,3720689,6502871,951720,73042,43501,6392450,90463,65807]
instanceRandomization:[4,12,14,8,23,13,3,1,22,21,7,18,9,10,15,16,11,20,6,17,5,19,24,2,15,4,11,24,23,9,16,2,19,3,13,14,7,8,18,21,6,17,5,22,10,12,20,1,6,10,17,2,19,8,16,24,11,18,23,5,22,20,3,14,7,21,13,9,4,15,12,1]
ITI:[5,7,5,6,7,7,5,6,6,7,5,6,7,6,5,5,7,5,5,7,6,6,7,6,7,6,6,7,6,6,5,5,5,5,7,7,7,6,5,7,5,6,5,5,6,7,6,7,7,5,6,6,6,7,7,6,5,5,5,7,7,5,6,6,5,7,7,5,6,5,6,7]
SaccadeITI:[1.40523783087265,0.585040010674857,0.841961162094958,0.969060603459366,1.33820054952521,1.12653255618643,0.485783295868896,1.43210249317344,0.977555700507946,1.29042458108161,0.817509504896589,1.19367211747449,1.31895788635593,0.776336840982549,1.1843566409545,1.03739651332144,0.61841521684546,1.18924642417114,1.07443264422473,1.12173536925111,0.753482133080251,0.658820613450371,0.776620296691544,1.09817762339953,0.798627857281826,1.02054294261616,0.922946875845082,0.504709244635887,0.648119470267557,0.643958402960561,0.879696431267075,1.07476405815687,1.15536436245311,0.973365506553091,0.932453576638363,1.14408561114687,0.845996325300075,1.1921875767177,1.35335939999204,1.07195280648302,0.732685258775018,0.90790085347835,0.766067719017155,1.45533187470865,1.16757850435097,0.79460310137365,0.507170085259713,1.25383247381542,1.10187354490627,1.2315757865319,0.780626001697965,1.26061859044712,0.875302561488934,1.38253105634358,1.28276986691635,1.39464020745363,1.4195440576179,0.610897942143492,0.554392236913554,1.28686921990011]
SaccadeRandomization:[2,2,1,2,1,3,0,0,2,2,1,2,2,0,0,0,0,2,3,1,3,0,3,2,0,3,3,1,2,1,0,1,3,3,1,0,0,3,2,1,0,2,3,0,2,1,3,1,1,3,3,1,3,1,3,0,2,2,0,1,2,3,3,2,2,3,3,1,2,0,3,2,0,0,1,3,1,0,0,1,1,2,2,2,3,3,1,3,0,2,0,3,2,2,1,0,3,1,3,1,3,0,2,1,0,0,2,1,1,0,2,1,3,2,1,1,0,0,3,0,1,0,3,2,1,3,0,3,2,2,3,3,2,3,1,3,2,1,1,1,0,2,0,3,2,3,2,2,0,0,2,1,2,0,0,0,3,2,1,0,1,1,1,3,0,1,1,0,3,0,0,3,1,3,1,2,0,2,3,2,1,1,0,0,0,3,1,2,3,3,2,2,1,2,0,1,3,2,3,1,0,0,3,0,3,1,1,2,2,1,0,2,1,3,2,1,3,3,2,1,3,1,3,2,0,0,0,2,1,0,3,3,3,2,0,2,0,1,2,0]
cost:1
reward:0
reward_amount:[1,1,1,1,1,1,1,1,1,1,1,1,1,1,1,1,1,1,1,1,1,1,1,1,1,1,1,1,1,1,1,1,1,1,1,1,1,1,1,1,1,1,1,1,1,1,1,1,1,1,1,1,1,1,1,1,1,1,1,1,1,1,1,1,1,1,1,1,1,1,1,1]
