decision:1
size:0
numberOfTrials:12
numberOfBlocks:6
numberOfInstances:24
numberOfSaccadeTrials:60
numberOfSaccadeBlocks:4
cost_digits:[216894,79430,1756428,346580,4379216,8679321,3720689,9138605,24065,8657402,134798,502761,19725,946031,795236,70842,42837,23740,90463,8053296,59418,452769,674083,7209846,53768,95326,65807,348106,698735,321896,362187,63128,589327,690528,6107592,73042,3514027,8921670,2563870,8753649,6502871,1392786,98514,602513,1836947,837420,43501,16978,7510836,2934607,2197563,76301,6392450,2571360,91428,35190,820697,318746,9241637,69540,50276,892057,951720,9675308,82943,53187,130729,3864750,936208,437128,13785,319650]
instanceRandomization:[23,13,18,16,4,8,7,20,15,5,19,1,6,24,10,2,22,3,12,11,17,21,14,9,16,24,1,11,2,15,22,19,8,5,17,9,23,13,14,6,21,3,7,20,10,12,4,18,1,24,19,10,15,12,8,23,4,3,16,11,21,6,13,22,20,5,18,2,9,17,14,7]
ITI:[6,5,6,5,7,5,7,6,7,6,5,7,6,7,6,6,7,5,5,7,5,7,5,6,5,7,6,5,7,5,6,6,6,5,7,7,7,5,7,6,5,6,5,6,7,5,7,6,5,6,6,6,7,5,5,7,7,7,5,6,5,6,7,6,6,6,7,5,5,5,7,7]
SaccadeITI:[1.05029147225432,1.35610242201947,0.886220812937245,0.934882352733985,1.14442628822289,1.4028332979884,1.39473547148518,0.480639095092192,1.39358782130294,0.965425530588254,0.806289704423398,0.726577153336257,0.778812597412616,0.674447063496336,1.43638671855442,1.21496155103669,1.26744817141443,0.766871714172885,1.23608933193609,0.561930926190689,1.18364743390121,0.66342712813057,0.622359816823155,1.19641988319345,1.22218193686567,1.21373064061627,1.07371757635847,1.41674026325345,1.31532334527001,1.01510711587034,1.44027300449088,1.06491694706492,1.0485504264012,0.693970473390073,0.602487702295184,1.02073433171026,0.761074053496122,0.77484541842714,1.07936872998253,0.546963669965044,0.972964995913208,1.29636982213706,1.4264513395261,0.691504284180701,1.14624462663196,0.560203649709001,0.479331417381764,1.14782681539655,0.965739529952407,1.14899917473085,1.42207875419408,0.81396054700017,1.12269794465974,0.953732426650822,0.752772853849456,0.847298857429996,0.797936528362334,1.14752954654396,0.672274448582903,1.19928304306231]
SaccadeRandomization:[0,2,3,0,1,3,2,1,2,1,2,3,3,3,2,2,1,3,2,0,0,1,3,3,3,3,2,1,2,1,0,3,0,2,0,1,1,3,1,0,1,2,1,0,0,3,1,2,2,3,1,2,2,0,1,0,0,0,3,0,0,3,3,1,0,0,3,3,3,3,0,0,1,1,3,3,0,2,2,2,3,0,2,0,0,2,0,3,2,3,0,2,1,1,1,1,1,3,3,1,0,1,2,0,2,2,2,0,2,1,2,2,0,1,2,3,1,1,3,1,0,3,3,1,1,0,3,2,3,3,1,2,1,3,3,3,0,2,0,1,2,3,0,3,0,0,1,1,3,1,1,0,2,2,0,3,3,2,1,2,0,2,1,3,0,2,0,0,1,1,2,1,0,2,0,1,2,2,2,3,0,1,0,3,0,3,2,1,2,0,3,3,0,2,1,3,3,1,1,1,2,1,0,2,1,2,3,1,0,1,0,0,1,0,0,2,3,3,0,3,2,3,2,1,0,3,2,2,0,1,1,0,1,3,2,3,3,2,2,2]
cost:1
reward:0
reward_amount:[1,1,1,1,1,1,1,1,1,1,1,1,1,1,1,1,1,1,1,1,1,1,1,1,1,1,1,1,1,1,1,1,1,1,1,1,1,1,1,1,1,1,1,1,1,1,1,1,1,1,1,1,1,1,1,1,1,1,1,1,1,1,1,1,1,1,1,1,1,1,1,1]
