decision:1
size:0
numberOfTrials:12
numberOfBlocks:6
numberOfInstances:24
numberOfSaccadeTrials:60
numberOfSaccadeBlocks:4
cost_digits:[3720689,59418,53187,346580,6392450,2197563,602513,936208,318746,4379216,8679321,42837,79430,6502871,95326,502761,35190,16978,3864750,348106,892057,674083,1836947,90463,8921670,2563870,98514,53768,7510836,130729,216894,837420,820697,2934607,8753649,362187,69540,589327,70842,8657402,452769,6107592,82943,73042,76301,24065,1392786,134798,690528,1756428,795236,9675308,91428,43501,7209846,9138605,321896,946031,698735,951720,63128,13785,23740,65807,9241637,437128,8053296,2571360,50276,3514027,19725,319650]
instanceRandomization:[7,17,5,16,15,19,20,9,3,4,8,22,13,21,24,1,23,18,2,11,6,14,10,12,13,14,7,16,1,18,23,12,4,24,6,22,11,8,2,5,21,17,20,9,10,15,3,19,5,18,10,22,8,4,9,20,15,24,2,13,19,14,3,1,16,17,11,12,21,23,6,7]
ITI:[5,7,5,6,6,6,7,7,6,5,5,7,5,7,7,5,7,6,6,5,6,6,7,5,7,7,5,7,5,6,6,6,7,5,6,5,7,6,7,5,5,6,7,5,6,7,6,5,5,7,6,7,7,6,5,5,7,6,5,6,5,5,6,6,5,7,5,6,7,7,7,6]
SaccadeITI:[1.47146046184935,0.672304422361776,1.0285233987961,0.779969374183565,1.35464121308178,0.916587906656787,0.896936297183856,0.575908584054559,0.746904256287962,0.719897358911112,1.27421061089262,0.800357398111373,1.44845546665601,0.852746682940051,0.885023586917669,0.928482156945392,1.16818726295605,1.00002707960084,0.785506852436811,1.24653791682795,0.678601505002007,0.698415647959337,1.47251740703359,1.43078521569259,0.603001635754481,0.831651198212057,0.565856888191774,0.69105119118467,1.2775926112663,1.44211745983921,0.856636428274214,0.882781291846186,1.40280557214282,0.989376069745049,0.864113599993289,0.542218273272738,0.776520962361246,1.21312116691843,1.1121687325649,0.592831894522533,0.666575577110052,0.77175657521002,1.1612671231851,1.34090881817974,0.618850667960942,1.26750715891831,1.34689440322109,1.17806472931989,1.43913410021923,0.797824452165514,1.06323753437027,0.785030004801229,1.3564317561686,1.27423416241072,0.904849365120754,1.50853495998308,1.20197993447073,1.13209095736966,0.622918041888624,1.08507663849741]
SaccadeRandomization:[3,0,0,0,3,0,1,0,1,0,0,2,3,1,2,0,2,2,0,1,2,0,2,1,1,2,3,3,1,1,1,3,2,3,3,3,2,0,1,0,2,3,1,0,3,0,1,3,3,2,3,2,3,1,1,0,2,1,2,2,2,1,1,0,0,2,1,0,3,3,1,3,0,0,3,1,0,2,3,2,2,1,1,2,0,3,1,0,3,2,2,2,1,2,2,2,1,3,3,1,1,3,1,0,0,1,0,0,1,2,2,3,0,2,0,3,0,3,3,3,0,1,3,2,3,0,0,3,3,2,1,1,3,3,2,2,2,0,0,1,1,0,1,3,1,0,2,3,1,2,3,3,1,0,1,0,1,2,0,2,3,3,3,2,3,2,0,0,1,2,1,0,1,0,2,2,1,0,2,3,0,0,2,0,2,3,1,1,1,2,2,2,1,0,3,3,2,2,1,0,0,2,1,1,1,0,3,3,1,0,2,3,3,1,1,3,0,3,2,2,2,3,3,2,3,3,1,0,1,0,1,0,2,3,3,0,0,2,0,1]
cost:1
reward:0
reward_amount:[1,1,1,1,1,1,1,1,1,1,1,1,1,1,1,1,1,1,1,1,1,1,1,1,1,1,1,1,1,1,1,1,1,1,1,1,1,1,1,1,1,1,1,1,1,1,1,1,1,1,1,1,1,1,1,1,1,1,1,1,1,1,1,1,1,1,1,1,1,1,1,1]
