decision:1
size:0
numberOfTrials:12
numberOfBlocks:6
numberOfInstances:24
numberOfSaccadeTrials:60
numberOfSaccadeBlocks:4
cost_digits:[346580,362187,65807,1756428,50276,2571360,690528,59418,91428,3720689,3864750,82943,69540,2563870,43501,6392450,892057,73042,216894,8921670,2197563,946031,318746,795236,24065,837420,3514027,698735,437128,602513,7209846,98514,130729,9675308,4379216,7510836,8657402,23740,348106,53768,2934607,452769,76301,79430,8679321,19725,13785,134798,674083,319650,42837,936208,53187,321896,6502871,8753649,1392786,1836947,9138605,90463,951720,9241637,16978,820697,63128,502761,589327,70842,95326,8053296,6107592,35190]
instanceRandomization:[16,22,1,18,21,12,5,17,8,7,2,20,11,14,4,15,6,9,23,13,19,24,3,10,15,12,23,2,17,20,9,7,18,22,4,1,5,3,11,16,24,21,10,13,8,6,14,19,14,7,22,9,5,15,21,6,3,10,20,12,13,16,18,4,19,1,8,2,24,11,17,23]
ITI:[6,7,7,5,6,5,5,6,7,5,6,7,5,6,5,6,7,5,7,5,7,6,6,7,6,7,5,7,5,7,7,6,6,5,5,6,7,7,7,6,5,5,6,5,5,6,7,6,6,5,6,5,6,7,7,5,7,7,6,5,7,5,7,6,5,6,5,5,7,7,6,6]
SaccadeITI:[0.838533944865534,1.14664979134298,0.844063391160065,1.20081997541323,0.734047476151803,0.90619233501687,1.26045236079566,1.25824586343563,1.09440699843302,1.3455678466203,1.4789138405545,0.845504732984894,1.09766722209364,1.29138194764576,0.891279057781988,1.09784456663377,0.628604264879444,1.01558914449609,0.640576496204206,0.804321872252816,0.889684636793876,1.23048513587176,0.681144083799639,1.34891532356463,0.685628143787229,1.28062404943242,0.781419478772053,0.918168797340089,1.41945502506181,0.858880944965252,1.25991131802633,1.29772617849133,0.882430075384521,1.33765822504259,0.966153549212807,1.45562427020244,0.664299990931371,0.546643573973173,1.35757597810201,0.836531243702242,1.31031142775513,0.968126466912994,0.732909954102555,0.646318394174644,0.781805993007341,1.01052521792784,1.31124553382009,1.32774373371697,0.566053612340087,1.45519348182327,0.686977916812369,1.01748420525886,0.874591411040941,0.533469321854257,0.84560697148166,0.770850915178501,0.590629715654844,1.07352081518232,1.3664527337028,1.01055902703277]
SaccadeRandomization:[1,1,2,1,2,3,0,2,1,3,1,2,3,1,2,0,2,3,3,2,3,3,2,1,3,1,0,3,3,2,1,0,1,2,0,2,3,1,1,0,2,1,0,3,1,3,0,3,0,2,3,1,0,0,2,0,0,2,0,0,0,0,1,0,1,0,1,0,3,3,3,2,2,1,3,1,3,3,3,2,0,3,3,0,0,2,0,1,0,1,0,2,2,3,2,1,1,2,1,3,0,0,3,1,1,3,0,2,2,3,2,0,2,1,1,2,2,3,1,2,2,3,0,2,3,3,1,2,3,2,3,2,2,0,1,1,3,0,0,0,1,3,1,1,1,1,1,0,1,2,2,3,0,1,3,2,0,0,0,2,3,3,3,2,2,1,1,1,2,3,0,0,3,2,3,1,0,2,0,0,2,3,3,2,0,0,0,0,2,2,3,1,0,2,1,2,0,1,2,0,3,2,1,3,3,1,1,3,0,3,3,2,0,3,1,3,2,1,3,0,1,2,1,3,2,3,3,1,0,1,2,0,2,0,1,0,2,0,1,1]
cost:1
reward:0
reward_amount:[1,1,1,1,1,1,1,1,1,1,1,1,1,1,1,1,1,1,1,1,1,1,1,1,1,1,1,1,1,1,1,1,1,1,1,1,1,1,1,1,1,1,1,1,1,1,1,1,1,1,1,1,1,1,1,1,1,1,1,1,1,1,1,1,1,1,1,1,1,1,1,1]
