decision:1
size:0
numberOfTrials:12
numberOfBlocks:6
numberOfInstances:24
numberOfSaccadeTrials:60
numberOfSaccadeBlocks:4
cost_digits:[76301,6392450,63128,8053296,951720,8657402,602513,13785,98514,50276,19725,3864750,90463,936208,1392786,437128,9675308,95326,4379216,130729,9241637,216894,502761,589327,7510836,346580,24065,134798,69540,35190,6107592,3720689,8753649,8921670,820697,362187,23740,91428,70842,946031,9138605,16978,674083,1836947,690528,452769,2571360,73042,348106,43501,892057,698735,2563870,1756428,6502871,42837,7209846,79430,2934607,59418,795236,2197563,53187,3514027,82943,65807,8679321,319650,318746,837420,53768,321896]
instanceRandomization:[10,15,19,11,13,5,20,14,7,21,6,2,12,9,3,17,22,24,4,18,16,23,1,8,1,16,15,19,11,23,17,7,6,13,4,22,3,8,2,24,20,18,14,10,5,21,12,9,11,4,6,2,14,18,21,22,9,13,24,17,10,19,5,23,20,1,8,7,3,12,16,15]
ITI:[5,5,5,7,5,7,7,6,7,6,6,6,5,7,5,7,6,7,7,5,6,6,6,5,6,7,7,5,6,6,5,6,7,7,5,5,6,5,7,7,7,6,5,7,6,6,5,5,5,7,7,6,7,6,5,5,6,6,5,7,5,6,5,5,6,5,7,7,6,7,6,7]
SaccadeITI:[1.09239857765303,1.22982475399428,1.24549389658884,1.09477112656847,0.572564252935505,0.761887295920557,0.954925443561903,1.00636268388868,1.34972704602793,1.27115687313878,1.36998564103075,1.11641446412929,0.708851347262195,0.673336482657275,1.26831705081665,1.00729523394645,1.42738579241947,1.39174641860106,1.42432277026043,1.30433231690355,1.22109560557098,0.842967766154713,1.02461444824391,0.669055366706258,1.10637753694706,0.629364433981633,0.963693860503069,0.532781429406411,0.538492909450239,0.552061274465329,1.38948702584409,0.669103178246102,0.727729687052003,0.960507129136628,1.33808249123783,1.00947135831617,0.740492936507023,1.00020855018326,0.698323085488907,0.961637845778993,0.560774080272919,1.44516400555537,1.27168134139307,0.47427650615961,0.704081635739809,0.903347185397676,1.33251432846688,0.507969024641594,1.41944895293952,1.25181192467377,0.956166664654544,0.540584174268103,1.2664370395282,1.23534144186803,1.29691289975696,0.585215982798642,0.668016540169871,1.42539873398297,1.22076539397628,1.08744475623049]
SaccadeRandomization:[3,1,1,2,2,2,3,1,1,2,2,1,2,0,3,0,3,0,3,0,1,0,3,3,1,0,2,1,1,1,1,3,2,2,3,0,3,0,0,0,2,3,2,2,3,0,1,3,3,1,2,2,0,1,1,0,3,2,0,0,2,1,2,3,2,0,1,3,1,2,3,3,1,0,1,2,1,0,1,1,0,2,3,1,3,3,0,2,1,1,0,0,3,2,2,2,0,2,3,1,1,0,0,2,3,0,3,0,3,2,1,0,3,0,1,3,2,2,3,0,2,2,2,2,1,1,0,1,3,2,3,3,1,3,3,1,0,1,3,3,0,3,1,1,2,2,3,0,0,0,0,1,2,2,1,0,1,3,0,2,0,2,1,2,2,2,3,0,3,1,0,3,3,0,1,3,0,0,1,2,0,2,1,1,1,2,1,2,2,0,1,3,0,3,3,0,0,1,0,3,1,2,2,0,1,3,0,1,3,3,2,3,1,0,2,0,1,0,3,2,3,1,3,1,2,0,1,2,2,1,0,3,3,0,2,3,3,0,2,2]
cost:1
reward:0
reward_amount:[1,1,1,1,1,1,1,1,1,1,1,1,1,1,1,1,1,1,1,1,1,1,1,1,1,1,1,1,1,1,1,1,1,1,1,1,1,1,1,1,1,1,1,1,1,1,1,1,1,1,1,1,1,1,1,1,1,1,1,1,1,1,1,1,1,1,1,1,1,1,1,1]
