decision:1
size:0
numberOfTrials:12
numberOfBlocks:6
numberOfInstances:24
numberOfSaccadeTrials:60
numberOfSaccadeBlocks:4
cost_digits:[53768,2934607,73042,6107592,452769,43501,76301,674083,9675308,698735,98514,502761,9138605,8657402,1756428,35190,8053296,8921670,837420,589327,63128,318746,19725,321896,9241637,91428,690528,6502871,69540,23740,82943,892057,2571360,936208,319650,362187,2197563,95326,1836947,7510836,24065,3864750,13785,59418,130729,820697,3514027,951720,7209846,53187,216894,2563870,90463,602513,70842,16978,65807,42837,6392450,437128,79430,134798,946031,8679321,348106,8753649,346580,4379216,1392786,50276,3720689,795236]
instanceRandomization:[16,24,9,17,21,4,10,14,22,2,7,1,20,5,18,23,11,13,12,8,19,3,6,15,16,8,5,21,11,3,20,6,12,9,7,22,19,24,10,1,15,2,14,17,18,4,23,13,9,5,23,14,12,20,2,18,1,22,15,17,13,19,24,8,11,6,16,4,3,21,7,10]
ITI:[7,7,7,6,5,5,7,5,5,6,6,6,7,7,5,5,6,6,6,6,7,5,7,5,7,7,5,7,6,5,6,6,5,5,7,6,5,7,5,6,6,5,7,7,5,6,6,7,5,6,6,6,7,7,5,6,7,5,7,5,7,6,7,7,5,5,6,5,6,7,5,6]
SaccadeITI:[1.07129834292379,1.07451231733818,0.675931061645194,0.627904290127723,0.671504352268918,1.42875733485368,1.42517664449212,0.712719134082242,1.43638324693699,0.487426547593592,0.812056412249027,1.30933863486086,0.850781534825607,0.670137437786131,0.782327236867665,0.763401065747409,1.21093340663162,1.278871900662,0.648768361917852,0.720686685786738,1.39699829488915,0.758385592633082,0.899113525663658,0.921829596421837,1.44290852502842,0.544920700629397,1.03324316770692,1.31786611841914,1.33684002797042,0.938311928910359,1.21280046368872,0.854783516404374,1.23105473306884,1.22399988051426,1.21128146143553,1.42915206638087,0.951111070606081,1.26972208593894,0.810837788767337,0.977625997997044,1.02002683447596,0.783812805804579,0.622355366385697,1.27721244960946,1.33657726229091,0.976935719632699,0.656823809518634,1.15952457629998,0.666002792333408,1.38105854231787,1.11403389696886,0.885142287266596,1.40534636753534,0.567484197466789,1.37843318239708,1.10657300849368,1.00444821387452,0.67804377808158,0.564670755787908,0.993791660786762]
SaccadeRandomization:[0,2,3,3,0,0,1,3,0,0,0,1,0,0,3,0,1,2,0,0,1,1,2,2,2,1,3,3,0,2,2,2,0,1,2,1,3,2,1,3,1,0,1,3,3,0,1,2,1,1,3,1,3,3,3,2,3,2,2,2,0,2,0,1,0,3,3,2,0,3,2,3,0,2,2,1,1,0,2,0,1,0,3,1,3,1,0,1,3,1,2,2,0,0,2,0,2,1,1,0,2,2,3,2,0,0,3,1,3,1,2,1,1,1,3,3,3,3,2,3,0,2,1,0,0,0,3,1,0,2,1,3,2,2,3,0,1,3,2,2,3,1,0,3,1,2,0,2,0,1,2,1,2,2,1,2,1,2,2,3,3,3,1,0,0,0,1,1,3,0,3,3,1,3,3,3,2,0,0,1,3,3,3,1,1,0,3,0,2,0,0,1,1,1,1,3,3,0,1,2,1,0,3,2,2,1,1,2,2,3,0,1,2,2,1,2,2,3,1,3,3,0,2,3,2,0,0,0,0,0,3,2,2,2,1,3,3,1,0,0]
cost:1
reward:0
reward_amount:[1,1,1,1,1,1,1,1,1,1,1,1,1,1,1,1,1,1,1,1,1,1,1,1,1,1,1,1,1,1,1,1,1,1,1,1,1,1,1,1,1,1,1,1,1,1,1,1,1,1,1,1,1,1,1,1,1,1,1,1,1,1,1,1,1,1,1,1,1,1,1,1]
