decision:1
size:0
numberOfTrials:12
numberOfBlocks:6
numberOfInstances:24
numberOfSaccadeTrials:60
numberOfSaccadeBlocks:4
cost_digits:[2197563,130729,951720,43501,3864750,8753649,82943,35190,8053296,346580,437128,6392450,8657402,1392786,2571360,76301,65807,936208,95326,98514,589327,452769,42837,674083,216894,53768,6107592,8921670,892057,63128,91428,837420,9138605,7510836,319650,820697,16978,69540,53187,23740,2934607,2563870,9675308,795236,698735,321896,7209846,50276,13785,59418,90463,6502871,362187,19725,690528,8679321,1836947,3514027,348106,502761,134798,73042,3720689,9241637,1756428,79430,602513,318746,946031,70842,24065,4379216]
instanceRandomization:[19,18,13,4,2,6,20,23,11,16,17,15,5,3,12,10,1,9,24,7,8,21,22,14,23,16,17,13,6,19,8,12,20,1,7,4,18,11,5,3,24,14,22,10,2,15,9,21,14,17,12,21,22,6,5,8,10,23,11,1,19,9,7,16,18,13,20,3,24,2,15,4]
ITI:[6,5,6,7,7,5,7,6,6,5,7,5,5,5,7,6,6,6,7,5,6,7,7,5,6,5,7,6,7,6,5,6,5,7,7,5,7,6,5,7,7,6,5,6,6,5,5,7,5,5,6,5,7,7,7,6,6,5,6,7,7,5,5,5,7,6,6,7,6,7,6,5]
SaccadeITI:[0.729977676761337,1.1526236286154,0.828595940140076,1.40989820996765,0.516458345926367,1.37148064107168,0.622188986162655,1.21588664420415,1.19492983201053,0.864050382631831,1.05914574454073,1.31947501946706,0.779139617574401,0.529415414319374,1.39915873564314,1.1876905328827,0.650977384415455,0.989922942710109,1.33082922303583,0.79765583795961,0.859923381940462,1.20209848263767,0.508688413188793,1.32894972048234,0.974221010110341,0.49491016974207,0.983692852896638,1.24244017142337,0.862817990011536,0.739303770358674,0.637392007163726,1.34092043235432,1.15558140084613,1.41058456653263,1.35257539513987,1.40869709372055,1.34337339585181,0.971740470617078,1.33985590620432,0.640102333738469,0.530612440896221,0.747806143364869,1.29374363052193,0.45308111293707,1.15164749778342,1.19199733005371,1.00877249229234,0.813674767152406,1.08359679731075,1.30317271233071,1.06367424607743,0.689862903789617,0.660490454756655,1.44450681901071,0.953696685261093,0.852564047439955,0.864350125542842,0.888131482643075,1.20123157266062,1.0560170331737]
SaccadeRandomization:[2,2,1,0,0,3,3,2,3,0,1,1,2,1,0,3,0,2,3,3,3,1,1,1,2,1,2,0,0,1,2,3,0,2,3,1,1,1,3,3,0,2,0,3,3,1,0,2,0,2,3,0,1,2,0,2,0,2,3,1,2,3,1,1,3,2,1,3,0,2,3,2,2,1,2,1,0,0,0,3,3,3,1,0,2,3,1,0,3,3,0,1,0,2,0,1,1,2,0,0,1,0,0,2,1,3,0,2,0,1,3,2,2,1,3,2,2,3,1,3,2,2,0,0,0,3,3,1,0,3,1,3,2,3,0,2,1,1,0,0,3,0,1,2,0,1,2,3,1,2,0,1,3,2,1,0,1,2,3,2,2,0,2,1,1,3,3,3,3,1,3,1,0,0,2,2,3,0,1,2,1,0,3,2,0,2,2,0,2,3,3,0,1,0,0,1,1,3,0,3,3,2,3,3,0,1,3,2,1,0,1,2,3,3,1,2,1,2,2,0,1,3,2,1,0,3,2,2,1,3,2,1,0,0,2,1,0,0,1,3]
cost:1
reward:0
reward_amount:[1,1,1,1,1,1,1,1,1,1,1,1,1,1,1,1,1,1,1,1,1,1,1,1,1,1,1,1,1,1,1,1,1,1,1,1,1,1,1,1,1,1,1,1,1,1,1,1,1,1,1,1,1,1,1,1,1,1,1,1,1,1,1,1,1,1,1,1,1,1,1,1]
