decision:1
size:0
numberOfTrials:12
numberOfBlocks:6
numberOfInstances:24
numberOfSaccadeTrials:60
numberOfSaccadeBlocks:4
cost_digits:[90463,9138605,1756428,318746,69540,95326,134798,319650,4379216,1836947,690528,346580,6392450,698735,50276,35190,65807,951720,42837,674083,8679321,73042,6107592,8753649,16978,362187,321896,8657402,589327,3514027,452769,2571360,7510836,820697,79430,13785,70842,936208,9241637,59418,82943,795236,2197563,19725,2934607,3720689,348106,23740,43501,602513,6502871,24065,91428,63128,2563870,76301,1392786,437128,3864750,8921670,130729,98514,53187,946031,9675308,502761,837420,7209846,892057,216894,53768,8053296]
instanceRandomization:[12,20,18,3,11,24,19,7,4,10,5,16,15,2,21,23,1,13,22,14,8,9,17,6,18,22,15,5,8,23,21,12,1,4,13,14,2,9,16,17,20,10,19,6,24,7,11,3,4,20,21,15,8,19,14,10,3,17,2,13,18,7,5,24,22,1,12,9,6,23,16,11]
ITI:[7,6,6,5,5,7,7,5,6,5,7,6,5,7,7,7,5,5,5,6,6,6,7,6,7,5,7,6,5,7,5,6,6,7,6,5,6,7,5,5,5,6,7,5,7,6,7,6,5,7,5,6,6,7,7,5,5,7,6,6,7,7,7,5,5,6,6,6,5,6,7,5]
SaccadeITI:[1.2427862441012,0.858317949188252,0.888221830440064,0.514714015259718,0.978463967408364,0.786133528997501,0.922041055358325,1.35522946653267,0.53720068729793,1.04689129030642,0.627482493485635,1.18753832982232,1.17842457986747,0.962534020033975,0.524914242870485,1.48976981065546,0.512705420221513,0.902705774021645,0.617604184042042,1.0339971355473,1.38382206469153,1.46327046731797,1.35211851921243,0.688821154025694,1.33807441436996,0.662421329257389,1.00141176170049,0.79629961339136,1.40010045150605,0.57919801849251,1.16757483462182,1.00107296936524,0.714018337971841,0.986941051747029,0.562150635368501,1.46332071729315,0.661159013941263,0.776828636492913,0.765622245691096,0.832990232699861,0.926474780154725,1.49443716004801,1.40590577743327,0.829523710378756,1.43742023043645,0.743322980434944,1.14400610265632,0.900626412670439,0.949493321667736,1.27489598242876,1.38764465305333,1.49066781376799,0.680969196449344,1.5110586740387,1.38676131687438,1.47181699944971,0.878803499120598,0.694269307035332,0.846464030522232,0.780545556762566]
SaccadeRandomization:[2,1,1,1,1,1,1,3,0,2,1,3,2,3,2,2,2,2,3,0,1,3,0,0,2,0,1,0,2,0,3,0,1,1,1,1,3,2,3,3,3,0,2,1,0,3,2,3,2,0,0,2,0,1,3,3,0,2,0,3,0,0,0,0,3,3,1,2,2,3,2,1,3,1,2,1,1,0,0,3,2,0,0,2,1,3,2,2,2,2,1,2,3,1,3,3,0,1,2,3,3,0,3,1,1,0,0,2,0,1,0,2,3,3,2,1,3,1,0,1,1,2,0,3,3,3,2,2,3,3,3,2,1,1,0,3,0,1,1,3,3,0,2,1,3,2,0,1,2,1,0,0,2,2,2,1,1,0,3,2,1,0,3,2,0,1,0,3,0,3,0,1,0,0,2,2,1,2,1,3,0,0,3,2,3,0,3,2,1,1,3,1,0,1,2,2,0,2,1,0,1,2,2,2,1,2,0,3,0,3,2,3,1,0,1,3,3,1,1,2,0,3,2,3,0,3,1,0,1,1,2,0,3,3,0,0,3,2,1,2]
cost:1
reward:0
reward_amount:[1,1,1,1,1,1,1,1,1,1,1,1,1,1,1,1,1,1,1,1,1,1,1,1,1,1,1,1,1,1,1,1,1,1,1,1,1,1,1,1,1,1,1,1,1,1,1,1,1,1,1,1,1,1,1,1,1,1,1,1,1,1,1,1,1,1,1,1,1,1,1,1]
