decision:1
size:0
numberOfTrials:12
numberOfBlocks:6
numberOfInstances:24
numberOfSaccadeTrials:60
numberOfSaccadeBlocks:4
cost_digits:[8921670,348106,7510836,892057,674083,6392450,437128,42837,82943,452769,23740,1836947,8657402,70842,98514,63128,820697,346580,16978,7209846,589327,2571360,35190,2934607,362187,90463,69540,43501,3514027,79430,795236,8753649,130729,502761,134798,3720689,95326,50276,24065,1392786,8679321,6107592,9241637,3864750,13785,936208,690528,602513,1756428,9138605,951720,318746,216894,8053296,19725,76301,9675308,53768,698735,2563870,4379216,91428,59418,6502871,2197563,65807,73042,53187,946031,837420,319650,321896]
instanceRandomization:[13,11,1,6,14,15,17,22,20,21,3,10,5,2,7,19,4,16,18,9,8,12,23,24,22,12,11,4,23,13,10,6,18,1,19,7,24,21,15,3,8,17,16,2,14,9,5,20,18,20,13,3,23,11,6,10,22,16,2,14,4,8,17,21,19,1,9,5,24,12,7,15]
ITI:[5,5,7,6,5,5,7,7,7,6,6,6,5,5,6,7,6,6,7,5,7,6,5,7,5,6,6,5,7,7,7,5,6,6,7,5,7,6,7,6,6,7,6,5,5,5,5,7,6,7,7,6,5,5,5,5,7,6,7,6,5,5,7,6,6,7,7,6,5,6,5,7]
SaccadeITI:[0.62232809610044,1.34911206297887,1.15124536006091,0.787100994757687,1.04529070298498,1.209025136459,1.06637671220427,0.739798343538617,0.679873026705657,1.15810651498226,0.95003981286039,0.795902298794438,1.04038590894391,1.35619858539042,1.077379597382,1.33424155440492,0.723036762823661,0.73183989621078,0.788561138122653,0.876811362135534,1.0072300776684,1.2643827805606,0.544234843722855,0.65181482306992,0.501973835782458,1.15759602262018,0.45875726340649,0.457197721147289,0.965635909031456,1.08919078370867,0.808463124356543,1.08381696909976,0.922815965752428,1.30371438202759,0.845602444869777,0.527028634243955,1.17902939676618,1.02133541208071,1.25092439705816,0.945668713453536,0.846519523796936,0.995079285030564,1.16501074869496,0.740799018212905,1.15092835205918,1.3657798241203,0.654641429459055,1.37452737664183,1.29238597725828,0.835071172829096,1.42443404489507,1.01664515308415,1.42022001141061,1.34797493115378,1.26798178002549,0.794602258161952,1.17591084473146,1.29243422977937,1.4250352357359,0.944951434650769]
SaccadeRandomization:[0,1,2,0,1,0,1,0,3,3,2,0,2,0,2,2,3,1,0,3,1,2,3,1,0,1,2,3,3,0,2,3,0,0,0,0,2,2,0,3,2,2,3,1,0,1,3,2,1,3,1,3,1,1,3,1,3,2,1,2,3,2,0,0,3,3,0,2,0,1,1,2,0,1,3,2,1,1,2,3,0,1,2,1,2,3,2,2,3,0,0,3,2,1,0,2,0,0,1,2,3,1,3,1,3,2,3,2,0,1,3,3,2,1,0,0,1,1,3,0,2,3,1,0,2,1,3,0,2,3,1,0,0,1,1,0,1,1,0,3,0,2,1,1,3,1,0,2,3,2,0,2,1,3,3,1,1,3,0,2,3,3,2,3,2,0,3,0,1,2,0,2,0,2,1,0,3,2,3,2,0,0,2,0,3,1,1,1,1,0,2,0,0,2,3,3,1,3,3,0,2,1,2,1,2,2,2,3,1,2,3,3,1,2,2,3,3,1,3,1,2,1,2,3,0,0,0,0,2,3,0,0,3,3,1,1,1,0,2,0]
cost:1
reward:0
reward_amount:[1,1,1,1,1,1,1,1,1,1,1,1,1,1,1,1,1,1,1,1,1,1,1,1,1,1,1,1,1,1,1,1,1,1,1,1,1,1,1,1,1,1,1,1,1,1,1,1,1,1,1,1,1,1,1,1,1,1,1,1,1,1,1,1,1,1,1,1,1,1,1,1]
