decision:1
size:0
numberOfTrials:12
numberOfBlocks:6
numberOfInstances:24
numberOfSaccadeTrials:60
numberOfSaccadeBlocks:4
cost_digits:[2934607,3720689,8053296,65807,19725,452769,674083,318746,3514027,589327,9241637,8921670,820697,53187,2571360,698735,63128,795236,42837,7209846,59418,602513,24065,16978,13785,35190,6392450,951720,6107592,1392786,134798,82943,319650,70842,690528,1756428,95326,362187,43501,346580,348106,90463,8753649,502761,6502871,73042,1836947,8679321,2563870,2197563,98514,892057,3864750,130729,437128,23740,9675308,69540,79430,9138605,321896,216894,50276,91428,53768,76301,837420,946031,8657402,936208,4379216,7510836]
instanceRandomization:[24,7,11,1,6,21,14,3,23,8,16,13,4,5,12,2,19,10,22,9,17,20,15,18,14,23,15,13,17,3,19,20,7,2,5,18,24,22,4,16,11,12,6,1,21,9,10,8,14,19,7,6,2,18,17,3,22,11,13,20,15,23,21,8,16,10,12,24,5,9,4,1]
ITI:[6,6,7,7,7,5,6,5,5,7,5,6,5,5,6,7,6,7,7,6,5,5,7,6,7,7,6,6,5,5,6,6,7,7,5,5,5,6,5,6,5,5,7,7,7,7,6,6,7,7,5,7,7,5,6,6,6,6,5,5,5,6,7,7,5,6,5,5,7,6,6,7]
SaccadeITI:[1.38835628232919,0.539846031414345,1.31757051236928,1.06527304970659,1.41358329234645,1.04959643604234,0.672107642469928,0.490380941843614,0.657273187255487,0.877861530007795,0.667984457407147,0.685916244937107,1.10755397258326,1.3521522287745,1.22549447901547,1.03069827747531,0.800126107595861,0.64224418643862,0.654236237006262,1.31307185273618,1.29731131223962,0.90211115819402,0.62755881967023,0.801728226197884,0.510180450230837,1.06665743882768,1.33027465194464,1.41382869910449,0.484402159415185,1.17423731619492,1.3871648862958,0.597786087496206,1.27155770310201,0.531691462220624,1.30056786299683,1.17951518245973,0.880079301027581,0.893886931426823,1.42784610362723,1.17031600088812,1.30159204378724,1.20777252870612,0.522558202920482,0.966677127825096,0.99625785225071,0.688326830230653,1.24859036291018,1.22994887265377,0.582160733593628,1.39967952058651,0.958428755355999,1.28215072927997,0.96721223318018,1.29123851116747,1.34246978485025,0.696662917686626,1.29712057295255,1.03399624833837,1.07290880237706,0.714218666031957]
SaccadeRandomization:[0,0,1,3,3,1,0,3,2,0,3,3,1,0,3,2,2,1,1,2,2,0,3,1,1,1,2,2,1,1,2,1,2,0,0,1,3,3,0,0,0,2,0,3,2,2,0,2,1,3,3,2,0,1,3,2,1,0,3,3,0,3,3,0,1,0,2,2,2,0,1,1,3,0,0,1,2,1,3,3,2,2,0,3,2,2,0,1,3,1,1,1,2,3,0,2,2,3,0,1,1,3,3,0,0,3,0,3,2,3,3,1,1,1,2,1,2,2,0,0,3,2,1,0,1,3,3,0,1,0,2,2,3,0,1,0,2,3,3,1,2,1,1,1,0,2,2,2,0,2,1,1,0,0,3,0,1,2,3,2,3,3,1,0,3,1,0,2,3,0,0,2,0,2,1,1,3,2,3,3,2,0,3,1,0,1,3,0,0,1,2,0,0,2,1,0,2,2,0,2,3,1,0,2,1,2,3,1,3,2,3,3,0,0,3,3,3,0,3,0,2,1,0,1,3,2,2,3,2,2,2,3,3,1,1,1,1,1,0,1]
cost:1
reward:0
reward_amount:[1,1,1,1,1,1,1,1,1,1,1,1,1,1,1,1,1,1,1,1,1,1,1,1,1,1,1,1,1,1,1,1,1,1,1,1,1,1,1,1,1,1,1,1,1,1,1,1,1,1,1,1,1,1,1,1,1,1,1,1,1,1,1,1,1,1,1,1,1,1,1,1]
