decision:1
size:0
numberOfTrials:12
numberOfBlocks:6
numberOfInstances:24
numberOfSaccadeTrials:60
numberOfSaccadeBlocks:4
cost_digits:[98514,24065,8921670,946031,1392786,437128,3864750,2197563,674083,892057,936208,362187,502761,4379216,90463,589327,9241637,69540,16978,82943,53187,3514027,6502871,76301,6392450,23740,9675308,95326,319650,73042,35190,65807,951720,820697,2563870,837420,50276,8657402,70842,130729,9138605,8679321,795236,8753649,346580,8053296,134798,59418,1836947,2934607,7510836,91428,42837,1756428,318746,7209846,79430,63128,43501,321896,13785,19725,53768,452769,3720689,348106,698735,216894,6107592,602513,690528,2571360]
instanceRandomization:[7,15,13,24,3,17,2,19,14,6,9,22,1,4,12,8,16,11,18,20,5,23,21,10,15,3,22,24,7,9,23,1,13,4,14,12,21,5,2,18,20,8,10,6,16,11,19,17,10,24,1,8,22,18,3,9,13,19,4,15,14,6,16,21,7,11,2,23,17,20,5,12]
ITI:[7,5,5,6,5,6,5,7,7,6,6,7,5,6,5,6,6,5,7,7,7,5,6,7,6,7,6,6,7,6,5,5,7,5,5,7,6,6,7,5,7,5,6,7,7,6,5,5,7,5,6,5,6,7,6,6,5,7,7,5,7,6,6,5,5,6,7,7,5,5,7,6]
SaccadeITI:[1.22075225710869,0.72188140633516,1.33564357361756,0.628627811046317,0.466278631892055,1.39052337100729,0.879208347946405,1.19904718264006,0.75149658806622,1.00167965744622,0.725988983362913,0.65940460045822,0.865729412715882,1.01034478326328,0.980923546664417,0.837441567517817,1.35617048242129,0.867929888144136,1.44123115572147,1.04838389432989,0.803446216229349,1.11639279518276,1.05029386160895,1.0701933037024,0.600527121638879,1.36429146137089,0.725555435707793,0.976267954986543,1.28932043416426,1.03465635394678,1.30703472504392,1.33953107865527,1.42166516436264,0.600168273970485,1.42606781627983,0.455063420766965,0.970359414303675,0.992772523732856,0.601762973656878,0.627049838379026,0.755994857475162,1.01168454713188,1.33178694145754,0.809578013792634,1.12218927727081,1.34329367191531,1.41159696942195,1.38088492648676,0.536383219715208,1.01784928254783,1.07476278110407,0.71017843852751,1.3708304233849,1.30582925998606,0.561555816745386,1.21710395505652,1.28223050031811,0.865027266275138,1.26716078044847,0.462971761543304]
SaccadeRandomization:[2,2,0,3,0,2,2,3,1,1,2,0,0,3,1,2,1,1,0,2,2,3,3,0,3,1,0,0,3,1,1,1,3,3,1,2,3,0,0,1,2,0,1,3,2,1,3,1,0,3,0,2,0,1,0,2,2,3,3,2,2,1,0,1,1,0,0,3,3,3,2,2,0,1,1,0,3,3,0,2,2,1,0,2,3,3,0,1,3,2,3,2,3,2,2,0,1,0,1,0,2,3,0,2,1,2,1,1,3,0,1,2,0,1,3,2,3,3,1,0,0,2,0,1,3,1,3,3,1,0,2,2,1,1,1,0,1,1,2,0,1,3,0,2,2,0,2,1,3,2,2,3,1,1,3,0,3,2,3,3,2,0,1,0,0,0,2,2,3,3,0,3,0,1,1,3,3,0,2,2,1,3,1,2,3,0,2,3,0,0,1,3,0,2,3,1,1,1,0,1,2,3,2,1,1,0,3,2,1,2,3,1,0,3,0,1,3,0,0,2,2,3,3,0,3,3,1,2,0,0,2,0,2,2,0,2,2,3,1,1]
cost:1
reward:0
reward_amount:[1,1,1,1,1,1,1,1,1,1,1,1,1,1,1,1,1,1,1,1,1,1,1,1,1,1,1,1,1,1,1,1,1,1,1,1,1,1,1,1,1,1,1,1,1,1,1,1,1,1,1,1,1,1,1,1,1,1,1,1,1,1,1,1,1,1,1,1,1,1,1,1]
