decision:1
size:0
numberOfTrials:12
numberOfBlocks:6
numberOfInstances:24
numberOfSaccadeTrials:60
numberOfSaccadeBlocks:4
cost_digits:[23740,24065,6502871,936208,348106,8921670,820697,8679321,53187,9675308,1756428,3514027,59418,795236,602513,674083,53768,2571360,2197563,98514,502761,19725,946031,70842,3720689,837420,9138605,698735,690528,6392450,9241637,892057,216894,362187,13785,16978,76301,7510836,63128,50276,2934607,91428,69540,43501,318746,6107592,7209846,951720,8657402,346580,73042,437128,79430,42837,130729,65807,35190,134798,8753649,90463,319650,589327,4379216,321896,8053296,95326,1392786,82943,3864750,1836947,2563870,452769]
instanceRandomization:[3,15,21,9,11,13,4,8,5,22,18,23,17,10,20,14,16,12,19,7,1,6,24,2,7,12,20,2,5,15,16,6,23,22,14,18,10,1,19,21,24,8,11,4,3,17,9,13,5,16,9,17,13,22,18,1,23,19,6,12,7,8,4,15,11,24,3,20,2,10,14,21]
ITI:[6,7,7,5,7,6,5,6,5,7,5,6,6,6,5,7,7,5,6,6,7,7,5,5,7,6,7,5,7,6,5,6,6,7,5,5,7,5,6,7,5,7,7,6,5,6,5,6,7,7,5,7,5,7,6,5,6,6,6,5,7,7,5,6,5,6,5,6,5,6,7,7]
SaccadeITI:[1.05148798853237,0.960146277417274,0.572278455803947,1.28136693334285,1.47490786804895,0.765338735860617,1.27328821804452,1.10717063464302,1.01418074380684,0.650754891308801,0.755973423105509,1.45387308809053,0.997587222811611,1.08171525199044,0.520965167759762,0.997337689363242,0.830286567305059,0.697160263518648,1.01204173683266,1.16485907693471,0.568288872456954,0.560763830291883,1.127069323995,0.600296164369987,1.26818494286466,1.27541047471653,1.46305426905941,1.39290716496374,1.22157338817681,0.948707078556375,1.26740475438613,1.3880262805343,1.28048451940607,1.03294044660482,0.958705838742511,0.892857802073316,0.66630342437032,0.662484177361087,0.856652032789619,1.29462351507585,0.741638772860945,0.973925156025992,1.01613070231009,0.863264456597002,0.899049569825487,0.920445236350254,0.50523656673807,0.767628129311682,1.38866425978097,1.06686022129919,0.906315662172468,1.00939968993965,1.07213872877959,1.14372029222626,0.851495713201196,1.13653179651204,1.2039650738899,1.21988154456097,0.930297650835322,0.993952241466225]
SaccadeRandomization:[0,2,3,3,0,0,1,1,3,1,3,2,3,0,1,0,3,0,3,2,2,1,1,0,3,2,2,0,3,2,1,1,0,1,2,0,2,1,1,2,3,2,0,1,1,2,2,0,3,3,0,1,0,1,3,3,2,0,2,3,2,3,2,3,0,1,0,1,2,0,3,0,3,0,2,2,0,1,0,3,1,3,1,2,0,0,2,1,3,2,2,2,1,2,1,2,3,1,3,1,0,3,3,2,1,2,0,1,0,2,3,1,0,3,3,3,0,1,1,0,3,3,3,1,1,3,2,3,2,3,0,1,2,2,3,3,3,3,2,2,2,2,1,2,0,0,0,0,3,3,0,0,0,2,0,3,0,1,0,2,1,1,0,2,1,1,1,2,1,0,1,3,0,2,1,1,0,1,2,3,2,3,1,3,3,0,0,0,0,2,1,1,3,3,2,3,3,3,2,0,0,1,0,1,1,3,2,2,3,0,3,0,0,2,1,2,2,2,1,2,0,2,0,3,1,1,0,0,3,1,2,3,3,2,0,1,1,1,1,2]
cost:1
reward:0
reward_amount:[1,1,1,1,1,1,1,1,1,1,1,1,1,1,1,1,1,1,1,1,1,1,1,1,1,1,1,1,1,1,1,1,1,1,1,1,1,1,1,1,1,1,1,1,1,1,1,1,1,1,1,1,1,1,1,1,1,1,1,1,1,1,1,1,1,1,1,1,1,1,1,1]
