decision:1
size:0
numberOfTrials:12
numberOfBlocks:6
numberOfInstances:24
numberOfSaccadeTrials:60
numberOfSaccadeBlocks:4
cost_digits:[13785,2571360,690528,91428,502761,1836947,4379216,452769,9241637,946031,321896,3514027,8753649,318746,73042,63128,319650,16978,42837,698735,59418,82943,8921670,8053296,2934607,951720,8679321,7209846,130729,795236,9138605,216894,437128,23740,8657402,65807,70842,43501,3720689,90463,346580,19725,6392450,69540,362187,134798,2563870,50276,9675308,7510836,348106,24065,53768,6107592,892057,79430,674083,1392786,602513,95326,6502871,76301,98514,1756428,53187,35190,820697,589327,936208,3864750,837420,2197563]
instanceRandomization:[14,12,5,8,1,10,4,21,16,24,15,23,6,3,9,19,7,18,22,2,17,20,13,11,24,13,8,9,18,10,20,23,17,3,5,1,2,4,7,12,16,6,15,11,22,19,14,21,22,1,11,15,16,17,6,13,14,3,20,24,21,10,7,18,5,23,4,8,9,2,12,19]
ITI:[6,7,6,5,6,5,6,5,5,7,7,7,7,6,6,7,5,7,6,5,5,6,5,7,6,5,7,5,6,7,7,6,5,7,6,5,5,5,7,6,6,7,5,6,7,7,5,6,5,5,6,5,6,6,6,7,7,7,7,5,6,6,7,5,5,6,5,5,6,7,7,7]
SaccadeITI:[1.08015461402247,1.34705063254805,0.957285276579205,0.553088920156006,0.855986069620121,0.808592240291182,1.24940245292382,1.32017526655691,0.707179009879474,1.04110577605898,1.14622881027171,1.04947274081642,0.732149043784011,0.72291653646389,1.21040802375646,0.744164822122548,0.59171625735471,1.10813304941403,0.63630910028005,1.44191586315865,1.04354478997411,0.678656432509888,1.48585404126206,1.42175808312604,0.817983500391711,0.794344854506198,0.844478927750606,0.741960966691841,0.735436042735819,1.18393804222578,1.06007231000112,0.713354600558523,0.969138159148861,1.27278648546198,1.12211724111112,0.518277822027449,1.29191629352281,0.846976757480297,1.24976884314092,1.34223761964822,1.14239661787869,0.790165098814759,0.910560245823581,0.850925163098145,1.45730897920439,1.27578013596358,0.499099499743898,1.21374371690908,1.16685232958989,0.894690140581224,0.974155714933295,1.46500170227373,0.527363637660164,0.709733007440809,1.15819221219281,0.779730435891543,0.993918448186014,1.18156758529367,1.2583703943179,1.31240861486876]
SaccadeRandomization:[0,1,3,2,2,3,1,3,1,2,1,1,3,2,0,3,1,0,3,0,0,1,2,3,3,3,2,1,0,0,3,1,2,3,2,0,0,1,3,2,0,2,0,0,0,2,3,3,2,1,2,2,1,1,1,0,1,2,3,0,1,2,0,1,2,0,0,0,3,3,1,0,0,1,2,0,0,3,0,3,1,3,1,3,2,1,3,2,2,3,2,0,3,1,2,1,1,1,3,1,3,3,0,2,2,0,2,3,2,0,0,2,3,3,1,2,1,1,0,2,1,2,2,1,2,3,0,1,2,0,2,3,0,1,3,3,2,0,0,2,1,2,0,0,0,1,1,2,3,0,1,2,3,3,0,0,3,3,0,0,2,0,2,3,1,2,0,2,2,1,3,3,1,3,1,1,3,3,1,1,3,1,3,3,0,2,2,1,1,1,2,2,2,3,2,1,3,0,2,0,2,0,3,0,2,1,0,1,3,2,1,3,0,0,0,1,1,3,1,0,2,3,0,0,1,2,3,0,2,3,3,2,1,3,0,0,3,1,2,1]
cost:1
reward:0
reward_amount:[1,1,1,1,1,1,1,1,1,1,1,1,1,1,1,1,1,1,1,1,1,1,1,1,1,1,1,1,1,1,1,1,1,1,1,1,1,1,1,1,1,1,1,1,1,1,1,1,1,1,1,1,1,1,1,1,1,1,1,1,1,1,1,1,1,1,1,1,1,1,1,1]
