decision:1
size:0
numberOfTrials:12
numberOfBlocks:6
numberOfInstances:24
numberOfSaccadeTrials:60
numberOfSaccadeBlocks:4
cost_digits:[1756428,6107592,452769,8679321,19725,362187,23740,9241637,65807,2197563,69540,90463,82943,674083,936208,321896,3514027,8921670,820697,53187,698735,98514,795236,2934607,502761,6392450,837420,319650,8657402,946031,42837,1836947,59418,589327,1392786,216894,348106,79430,134798,43501,8753649,3864750,50276,13785,16978,53768,9138605,7209846,63128,7510836,951720,91428,130729,9675308,2571360,4379216,24065,690528,35190,3720689,892057,2563870,602513,346580,73042,8053296,95326,6502871,70842,437128,318746,76301]
instanceRandomization:[18,17,21,8,6,22,3,16,1,19,11,12,20,14,9,15,23,13,4,5,2,7,10,24,1,15,12,7,5,24,22,10,17,8,3,23,11,13,19,4,6,2,21,14,18,16,20,9,19,1,13,8,18,22,12,4,15,5,23,7,6,14,20,16,9,11,24,21,2,17,3,10]
ITI:[5,7,5,6,6,7,6,6,5,7,7,5,7,5,7,6,6,6,7,5,5,7,6,5,5,7,6,5,5,6,7,6,5,6,7,7,7,5,6,6,7,5,6,7,5,5,6,7,5,6,5,7,6,6,6,5,5,7,7,7,7,5,7,5,7,6,6,7,5,6,5,6]
SaccadeITI:[0.841134227474686,0.891841766319703,0.759314857085701,0.759891047736164,1.32463775937213,1.33243829769781,0.586656772193965,0.541416028409731,1.31492174057057,1.48786922417348,1.50209713320946,1.32355148800416,1.05387933192542,0.686563510342967,1.1176727562095,1.50976333826547,1.13514106663642,1.39129502432188,0.866699777671602,1.2810987910605,0.848008710553404,0.802709984953981,0.800523641647305,0.606248922075611,1.25912336086622,0.623535380593967,0.927753498207312,0.968252288771328,0.739353363763075,1.31560488663381,0.605879395164084,1.12258282642579,1.53034354596166,0.718374861299526,1.37755293807713,0.625877314608078,0.752850387140643,1.22665747454157,1.0502678760211,1.10518480989849,0.900086325488519,0.59046548641054,1.20434402663959,0.845101182011422,1.39458797558909,1.05982589431806,0.555397153261583,1.16899512604577,0.679377920820843,1.08545594814932,0.544418433576357,0.957806565461215,1.4772873615264,1.26061580948299,1.40433329868829,0.577637199673336,0.879205718298908,1.0278803162626,0.564478790049907,1.10813006235985]
SaccadeRandomization:[3,2,3,3,1,3,2,0,1,2,2,1,0,1,3,3,2,0,1,0,2,1,0,1,0,2,3,3,3,3,1,1,0,1,0,1,2,0,2,0,1,0,1,3,3,3,2,2,2,2,3,0,1,2,0,2,3,0,1,0,0,1,3,0,1,0,2,0,2,1,1,2,0,1,1,2,2,0,3,2,0,0,2,1,0,1,3,1,3,1,1,2,3,2,1,0,3,0,1,0,0,3,2,3,1,0,3,2,0,1,3,3,3,2,2,2,3,3,2,3,0,2,2,2,3,2,1,0,1,3,0,0,1,3,1,3,1,0,1,0,2,2,1,1,3,2,3,1,1,2,2,2,3,1,3,1,0,2,2,3,3,0,3,1,2,3,2,0,3,1,3,3,0,0,0,0,1,0,0,2,0,2,3,1,3,2,3,1,3,1,1,1,2,0,2,0,1,1,0,0,3,1,3,2,0,3,2,1,3,2,0,2,0,2,0,0,3,0,0,3,1,2,0,2,3,2,3,1,1,3,1,3,1,1,0,0,3,2,2,2]
cost:1
reward:0
reward_amount:[1,1,1,1,1,1,1,1,1,1,1,1,1,1,1,1,1,1,1,1,1,1,1,1,1,1,1,1,1,1,1,1,1,1,1,1,1,1,1,1,1,1,1,1,1,1,1,1,1,1,1,1,1,1,1,1,1,1,1,1,1,1,1,1,1,1,1,1,1,1,1,1]
