decision:1
size:0
numberOfTrials:12
numberOfBlocks:6
numberOfInstances:24
numberOfSaccadeTrials:60
numberOfSaccadeBlocks:4
cost_digits:[76301,348106,892057,9138605,91428,698735,7510836,9675308,319650,134798,6107592,53768,73042,216894,6392450,1756428,951720,13785,53187,2934607,43501,90463,452769,1392786,95326,8921670,24065,820697,8657402,3720689,69540,362187,674083,2197563,19725,589327,6502871,82943,346580,70842,23740,130729,35190,437128,1836947,7209846,502761,2571360,837420,98514,946031,79430,59418,795236,8753649,16978,318746,50276,4379216,602513,3864750,321896,63128,9241637,690528,2563870,3514027,8053296,8679321,936208,65807,42837]
instanceRandomization:[10,11,6,20,8,2,1,22,7,19,17,16,9,23,15,18,13,14,5,24,4,12,21,3,24,13,15,4,5,7,11,22,14,19,6,8,21,20,16,2,3,18,23,17,10,9,1,12,12,7,24,13,17,10,6,18,3,21,4,20,2,15,19,16,5,14,23,11,8,9,1,22]
ITI:[5,7,5,6,6,6,7,5,7,5,6,7,7,7,5,6,7,5,6,5,5,6,6,7,6,6,7,7,5,5,5,6,7,6,7,5,5,7,6,6,7,5,6,5,7,5,7,6,6,5,7,5,7,7,5,6,6,7,6,5,6,6,7,7,5,5,5,6,6,7,7,5]
SaccadeITI:[0.636707752411409,0.794277722182839,1.15124103397053,0.998381232078342,1.13481749354784,0.816495609170912,0.805176913905113,0.694461672966524,1.0370075576279,0.96454074040909,1.13906334240843,0.731663283826007,1.21021293120381,0.862917625977813,0.795148161872445,1.14312440127057,0.848100048191069,1.34623834996407,1.29506138821986,0.752927198940112,0.795039541720568,1.22534850116742,1.34335364231762,0.668685828502445,0.677963553163378,1.30364360025075,0.546911502423851,1.19344462680553,0.806403482266857,0.567161683625697,0.817856467262997,0.602336076953604,1.3564359749939,0.770936211737959,0.597531145372583,1.45472104165625,0.950465828580006,0.826861357716067,1.10125707502399,1.28688000997451,0.990145298120721,0.894497147928147,1.15812016365041,1.26312886684124,1.4549861181799,1.29958359797408,0.763653362336724,1.00873515399095,0.83408246206042,0.677419545528634,1.21067143597562,0.672614227681576,1.1277317113049,0.909252533390342,1.52793226826858,1.26168701721278,1.22701800607999,1.19501849979085,1.48194362915043,0.990977342873036]
SaccadeRandomization:[3,3,1,0,2,3,3,2,3,1,3,2,2,2,0,2,0,1,2,0,1,3,2,3,3,0,1,0,0,0,1,1,1,3,2,1,2,3,3,3,2,3,0,2,0,1,0,0,1,2,0,2,1,3,1,1,1,0,2,0,0,1,3,3,0,0,3,1,0,1,1,3,2,1,2,2,3,2,0,1,0,2,1,0,3,3,2,1,1,2,1,3,2,3,0,3,0,1,2,1,3,3,0,2,2,0,2,1,0,2,0,3,1,2,2,1,3,0,3,0,0,2,3,1,1,0,2,2,1,0,2,2,1,2,3,3,1,0,1,3,1,3,3,2,3,1,1,3,2,3,2,1,1,0,0,2,0,0,3,3,3,3,2,0,0,2,0,3,3,2,0,0,1,1,1,0,0,2,2,1,0,3,2,0,0,2,0,0,0,3,1,3,2,1,1,2,2,3,0,0,2,2,2,1,3,2,3,1,2,0,3,3,1,3,1,3,1,1,3,0,3,3,2,1,3,0,2,0,1,2,0,2,1,0,2,1,3,0,1,1]
cost:1
reward:0
reward_amount:[1,1,1,1,1,1,1,1,1,1,1,1,1,1,1,1,1,1,1,1,1,1,1,1,1,1,1,1,1,1,1,1,1,1,1,1,1,1,1,1,1,1,1,1,1,1,1,1,1,1,1,1,1,1,1,1,1,1,1,1,1,1,1,1,1,1,1,1,1,1,1,1]
