decision:1
size:0
numberOfTrials:12
numberOfBlocks:6
numberOfInstances:24
numberOfSaccadeTrials:60
numberOfSaccadeBlocks:4
cost_digits:[73042,318746,837420,98514,9675308,4379216,216894,91428,19725,130729,452769,437128,13785,7510836,53187,134798,95326,346580,8921670,8053296,6392450,9138605,76301,3864750,2197563,319650,90463,3514027,59418,698735,2563870,321896,690528,936208,8753649,946031,1836947,65807,6502871,9241637,23740,42837,348106,79430,43501,602513,8679321,16978,24065,53768,8657402,50276,820697,2934607,7209846,674083,82943,6107592,1756428,70842,3720689,795236,892057,362187,589327,63128,502761,951720,2571360,69540,1392786,35190]
instanceRandomization:[9,3,12,7,22,4,23,8,6,18,21,17,14,1,5,19,24,16,13,11,15,20,10,2,19,7,12,23,17,2,14,15,5,9,6,24,10,1,21,16,3,22,11,13,4,20,8,18,15,16,5,21,4,24,9,14,20,17,18,2,7,10,6,22,8,19,1,13,12,11,3,23]
ITI:[5,7,5,7,7,6,6,5,6,6,7,5,7,5,6,7,7,6,5,6,7,5,5,6,5,5,6,5,6,5,7,7,6,6,7,7,5,5,7,5,6,6,7,7,6,5,6,7,7,5,5,6,7,5,6,7,5,6,6,7,7,5,5,6,5,6,6,7,7,6,5,7]
SaccadeITI:[0.79213294670529,1.31399180208876,1.27396944914556,1.15581805635787,0.528715825216689,1.15622036512553,1.24991589905306,1.23725903131611,0.515526336194792,1.39076498574189,0.8690608719325,1.02154611008785,0.860644239974984,0.771113188048669,1.19180056503586,1.0943633628039,0.920483857668781,1.08017877749711,0.598174935249457,1.28990061818234,1.08436359213277,0.786238578190872,0.546375565273532,0.89577580364033,1.2179226449652,0.939265415347957,0.98755572065323,0.496693015606919,1.35988718508355,0.64536529853552,0.751851055348137,0.707480777563372,1.39499453180082,1.23158100810445,0.90066311978347,0.635920496933007,0.89145799963347,0.6551261814738,1.27415937888048,0.74326605819709,0.7675377789846,1.35702354302242,1.1823092131371,1.0860314039009,0.986815183931806,1.37481183958783,0.772107034964332,1.38686509388111,1.19861774849317,1.31924039152994,0.782370358748206,0.867403538474658,1.1050300200431,1.13607190134547,1.05321068949609,0.913585364162767,1.42003146749533,1.05758723970115,0.534889314133519,1.24093622439153]
SaccadeRandomization:[1,1,0,1,2,0,3,0,2,3,0,0,1,3,0,2,1,0,2,2,1,3,2,2,1,1,1,1,0,2,3,3,0,1,0,0,2,2,3,0,0,3,1,3,1,3,2,3,0,3,3,2,1,3,3,2,2,2,0,1,2,2,0,0,1,0,3,2,0,2,0,2,2,0,2,3,3,1,1,1,1,3,1,3,0,1,3,2,3,0,1,3,0,0,2,0,1,0,3,1,1,3,1,0,1,3,3,3,2,2,0,0,1,2,3,2,2,1,3,2,1,1,0,1,1,0,2,3,3,2,2,2,3,0,1,1,2,2,3,0,0,3,0,2,0,1,0,2,1,3,1,1,2,2,0,2,2,3,0,1,3,2,0,1,1,3,0,3,2,3,0,3,2,3,1,0,1,3,3,0,1,2,1,0,1,3,1,3,1,3,2,1,0,1,0,3,1,0,3,2,3,0,0,0,3,2,0,0,3,2,2,1,3,1,1,0,0,0,1,2,3,3,3,0,2,0,2,2,2,2,2,3,1,3,2,0,3,1,1,2]
cost:1
reward:0
reward_amount:[1,1,1,1,1,1,1,1,1,1,1,1,1,1,1,1,1,1,1,1,1,1,1,1,1,1,1,1,1,1,1,1,1,1,1,1,1,1,1,1,1,1,1,1,1,1,1,1,1,1,1,1,1,1,1,1,1,1,1,1,1,1,1,1,1,1,1,1,1,1,1,1]
