decision:1
size:0
numberOfTrials:12
numberOfBlocks:6
numberOfInstances:24
numberOfSaccadeTrials:60
numberOfSaccadeBlocks:4
cost_digits:[437128,2563870,9675308,24065,4379216,3864750,134798,79430,892057,589327,837420,50276,9138605,73042,9241637,65807,795236,53187,23740,8053296,2934607,16978,319650,216894,362187,1756428,91428,8753649,76301,936208,6502871,1392786,53768,820697,59418,3514027,946031,6392450,2571360,69540,13785,70842,951720,502761,2197563,690528,602513,98514,35190,698735,95326,346580,8657402,6107592,7510836,90463,8679321,348106,8921670,42837,674083,452769,130729,318746,1836947,3720689,82943,43501,19725,7209846,321896,63128]
instanceRandomization:[17,14,22,15,4,2,19,13,6,8,12,21,20,9,16,1,10,5,3,11,24,18,7,23,22,18,8,6,10,9,21,3,16,4,17,23,24,15,12,11,14,2,13,1,19,5,20,7,23,2,24,16,5,17,1,12,8,11,13,22,14,21,18,3,10,7,20,4,6,9,15,19]
ITI:[5,7,7,6,7,5,6,6,5,5,6,7,6,6,6,7,7,7,7,5,5,5,5,6,5,6,5,5,6,7,7,7,6,6,5,7,6,7,5,5,6,6,7,5,7,5,6,7,7,6,6,6,5,6,5,7,7,7,5,5,6,5,5,7,6,5,7,5,6,7,7,6]
SaccadeITI:[1.03133359262332,1.54843374867536,1.08758253641039,0.891167350714871,1.41975457653947,1.00592857566274,1.29723798846438,0.869281748911211,1.23685026974029,0.855576457824403,1.17520535075649,1.01833784640379,1.31174148469775,1.1060408911629,1.4375725366602,1.2555450812409,0.682030089801022,1.20592981939747,1.08937915754116,1.00887796156652,1.25516936685502,0.604127202784487,0.717991212984392,0.889842919675478,0.635461254181185,0.854330782914379,0.668330369653025,0.612730819634938,1.36381085835941,0.766694225506702,0.889366543289119,1.13560160589016,1.34072096030771,0.875921132877314,0.784514071089992,1.43116135140493,1.22077518156342,0.578721427494505,0.915575959389874,0.884965663445958,1.08681359411761,0.849673047797599,0.627248936934241,1.5492186678069,1.13094808500803,0.562552347449431,0.981169184340009,0.940527549847805,0.84534085415847,0.567755212211826,0.833553174646416,1.09460196517951,0.567446855265492,0.691948674056524,1.05167461339928,0.733186585033157,1.29834321457505,1.1049980429428,1.40577684682406,1.11760257430918]
SaccadeRandomization:[3,3,1,1,3,1,1,0,3,0,2,2,0,2,0,2,1,2,0,3,0,0,0,1,1,3,2,2,3,3,1,3,2,1,0,0,3,0,1,3,2,2,2,1,0,2,2,3,1,2,1,3,3,0,2,0,1,3,0,1,0,0,3,3,0,2,2,3,2,1,0,3,3,0,1,2,1,0,2,1,0,2,1,0,3,0,1,2,1,3,3,3,3,2,3,0,1,0,2,1,0,3,1,2,1,2,1,3,2,2,1,0,3,2,0,2,0,1,3,1,1,1,3,0,1,3,2,2,1,2,2,0,3,2,0,2,2,3,1,3,1,1,3,3,3,2,1,2,2,1,0,2,1,2,2,0,3,0,1,1,0,3,3,2,3,1,0,0,2,0,0,3,0,0,1,3,0,3,1,0,3,2,3,0,1,1,3,3,0,1,1,0,2,2,0,3,1,0,3,2,1,1,3,2,0,1,0,2,0,1,1,2,0,3,1,2,1,0,2,2,3,1,2,3,3,3,3,2,2,0,2,3,0,1,3,2,0,0,1,0]
cost:1
reward:0
reward_amount:[1,1,1,1,1,1,1,1,1,1,1,1,1,1,1,1,1,1,1,1,1,1,1,1,1,1,1,1,1,1,1,1,1,1,1,1,1,1,1,1,1,1,1,1,1,1,1,1,1,1,1,1,1,1,1,1,1,1,1,1,1,1,1,1,1,1,1,1,1,1,1,1]
