decision:1
size:0
numberOfTrials:12
numberOfBlocks:6
numberOfInstances:24
numberOfSaccadeTrials:60
numberOfSaccadeBlocks:4
cost_digits:[437128,1836947,346580,452769,70842,63128,9138605,892057,7510836,1756428,79430,2571360,936208,216894,2934607,13785,362187,318746,6392450,69540,98514,4379216,53187,91428,1392786,2563870,16978,134798,3864750,319650,602513,35190,19725,6107592,8053296,951720,53768,6502871,820697,7209846,65807,837420,95326,76301,321896,8657402,42837,589327,690528,348106,3720689,8921670,9241637,3514027,82943,43501,8753649,9675308,90463,73042,24065,8679321,130729,2197563,50276,502761,59418,946031,674083,698735,795236,23740]
instanceRandomization:[17,10,16,21,2,19,20,6,1,18,13,12,9,23,24,14,22,3,15,11,7,4,5,8,3,14,18,19,2,7,20,23,6,17,11,13,16,21,4,9,1,12,24,10,15,5,22,8,5,11,7,13,16,23,20,4,6,22,12,9,15,8,18,19,21,1,17,24,14,2,10,3]
ITI:[7,6,7,6,6,5,7,5,5,6,5,7,6,7,7,6,5,5,6,7,5,5,6,7,6,5,5,7,7,5,7,5,6,7,6,6,7,5,7,5,5,6,5,7,6,6,6,7,5,5,7,6,5,5,6,7,7,6,7,6,6,6,7,7,6,5,7,5,5,6,7,5]
SaccadeITI:[0.585677180353863,1.46929161777565,0.852170669621167,0.98037709100948,1.24742834959955,1.22410250516453,1.28102895306268,1.31046300326319,1.4377366259306,1.35263278722608,1.28478953024217,1.15391703546823,0.474361559057919,0.617993301859436,1.36145319571563,0.634045079497931,0.815624040233282,1.19745760635318,0.624314009592247,1.00696640616128,0.855358939765332,1.08515664693744,0.985301738053871,0.937494644809825,1.1424582562487,1.46626557377943,1.27429436767319,0.761761215430063,1.05084873867066,0.507117642935676,0.568829369180215,1.2716122445728,1.03636848033251,0.824753066905153,1.3591911712739,1.4656432011708,0.904817191100058,0.777199165111718,1.42769301208512,1.11191593008892,0.526763293341113,0.645525611153183,1.36841149666191,0.786775058748511,0.506297315618334,1.18892628667721,1.16706045568765,0.960065403402162,0.779802521372524,0.559090135068012,0.528390764639092,1.08632290424624,0.613587834554103,0.828554633453799,1.17842811593631,1.10227792096169,1.01402644967505,1.27729453091354,1.13635941702717,1.02012870754891]
SaccadeRandomization:[0,3,3,2,3,0,1,1,1,1,3,1,0,0,2,2,2,2,1,0,3,2,1,3,2,1,2,1,2,3,0,2,2,0,3,0,1,3,1,2,0,3,0,3,3,0,0,2,1,1,3,3,0,3,0,1,2,0,2,1,3,2,1,2,1,2,3,3,1,1,1,3,0,3,3,2,2,0,2,2,3,1,1,0,0,0,1,3,3,2,2,0,0,0,1,1,2,2,3,0,1,3,1,2,3,1,3,2,1,0,0,2,0,0,3,1,2,0,0,3,3,2,0,3,1,1,2,2,2,3,3,2,3,3,1,0,1,1,1,2,1,2,0,3,0,3,0,1,3,2,3,0,0,0,2,0,0,3,1,3,2,1,2,3,1,1,3,0,2,2,0,0,1,3,1,2,0,1,2,0,1,0,3,0,3,0,0,0,0,0,1,0,1,1,2,2,2,0,3,3,0,3,3,1,1,2,0,0,3,0,3,1,2,1,1,2,2,3,3,1,2,3,1,2,2,2,0,1,1,0,2,2,3,2,3,3,1,1,2,3]
cost:1
reward:0
reward_amount:[1,1,1,1,1,1,1,1,1,1,1,1,1,1,1,1,1,1,1,1,1,1,1,1,1,1,1,1,1,1,1,1,1,1,1,1,1,1,1,1,1,1,1,1,1,1,1,1,1,1,1,1,1,1,1,1,1,1,1,1,1,1,1,1,1,1,1,1,1,1,1,1]
