decision:1
size:0
numberOfTrials:12
numberOfBlocks:6
numberOfInstances:24
numberOfSaccadeTrials:60
numberOfSaccadeBlocks:4
cost_digits:[9675308,35190,951720,698735,1392786,95326,7209846,90463,7510836,6107592,9241637,76301,63128,690528,452769,892057,589327,674083,348106,9138605,24065,98514,1756428,43501,70842,8753649,2197563,346580,6392450,42837,3514027,936208,8679321,16978,23740,437128,8921670,795236,820697,53187,13785,502761,837420,3720689,8053296,946031,50276,82943,65807,91428,69540,130729,318746,53768,321896,2563870,134798,4379216,216894,6502871,602513,3864750,59418,2571360,319650,8657402,73042,19725,79430,362187,1836947,2934607]
instanceRandomization:[22,23,13,2,3,24,9,12,1,17,16,10,19,5,21,6,8,14,11,20,15,7,18,4,2,6,19,16,15,22,23,9,8,18,3,17,13,10,4,5,14,1,12,7,11,24,21,20,1,8,11,18,3,16,15,14,19,4,23,21,20,2,17,12,7,5,9,6,13,22,10,24]
ITI:[6,6,7,5,5,5,7,6,5,7,7,6,5,7,6,7,5,6,7,7,5,6,6,5,5,7,6,6,7,6,7,5,5,7,6,5,6,5,7,6,7,6,7,5,5,7,6,5,7,5,5,6,7,6,7,6,5,5,7,6,7,6,6,7,6,5,5,5,7,6,5,7]
SaccadeITI:[1.46132995330651,0.732014905455677,0.993227190365239,1.50524130466317,1.55506585122009,1.42045144040991,0.835176687016307,0.798454854664548,0.846599787035181,0.855148744563727,0.896754471379487,1.03725176330578,0.679636774611815,1.15997638369833,1.04522750366402,1.38964932274927,1.09582351756205,1.47467451265935,0.801150728742747,0.719232717323272,0.84746045715098,0.601981929996206,1.33654337728318,1.17990450354215,0.67663769077432,0.821493471766977,1.42059723360386,1.26667200636972,0.84256001029086,1.29772760605362,0.835528229623257,1.05595969574448,0.852630103266953,1.11131845929582,1.40415143061352,1.31463711501953,0.65540682527159,0.782788327223777,0.979636963716863,1.49351847570312,1.47352647760805,1.06599221474413,1.16137071375657,0.682859806836738,0.777728695449575,0.578166708144515,0.794136599897562,0.982088583315878,1.09435493129228,1.17583990239461,0.76961561574523,0.575707629583,0.910029086311503,1.0768800238419,0.67168487937112,0.637590969241379,0.621302051496847,0.965552423409342,0.995986550142212,0.91034381071028]
SaccadeRandomization:[0,2,3,1,0,1,3,2,0,3,3,3,0,0,3,2,1,2,2,0,2,1,3,0,3,2,2,1,3,0,2,2,0,2,3,0,0,0,2,3,3,1,3,1,0,3,1,1,0,1,1,2,1,3,2,0,1,1,1,2,0,3,1,1,3,1,2,2,3,0,2,0,3,1,1,0,1,3,3,2,1,3,2,3,2,0,2,1,0,2,3,0,0,3,1,0,3,2,0,1,1,2,0,2,2,3,3,0,1,1,2,3,0,3,0,2,2,1,1,0,1,1,2,0,1,3,0,1,3,3,1,0,2,2,0,1,3,3,0,0,0,0,3,1,3,0,3,2,0,3,1,1,2,2,2,2,1,2,0,2,0,1,2,1,1,3,2,1,3,2,3,2,0,3,1,3,0,3,2,0,0,3,0,0,3,0,3,3,3,3,2,0,1,2,0,1,2,3,3,0,0,3,2,2,2,1,2,1,2,2,2,1,1,3,1,0,0,3,0,1,2,2,3,0,0,1,3,3,3,2,2,1,1,1,0,1,0,1,2,1]
cost:1
reward:0
reward_amount:[1,1,1,1,1,1,1,1,1,1,1,1,1,1,1,1,1,1,1,1,1,1,1,1,1,1,1,1,1,1,1,1,1,1,1,1,1,1,1,1,1,1,1,1,1,1,1,1,1,1,1,1,1,1,1,1,1,1,1,1,1,1,1,1,1,1,1,1,1,1,1,1]
