decision:1
size:0
numberOfTrials:12
numberOfBlocks:6
numberOfInstances:24
numberOfSaccadeTrials:60
numberOfSaccadeBlocks:4
cost_digits:[892057,8921670,76301,7209846,63128,9675308,2563870,8657402,98514,3514027,24065,43501,348106,9241637,130729,437128,602513,452769,589327,65807,70842,1392786,90463,946031,53768,8053296,6392450,6107592,795236,4379216,690528,8679321,698735,50276,35190,82943,2571360,19725,95326,362187,134798,936208,951720,13785,3720689,1756428,502761,23740,91428,3864750,16978,42837,321896,8753649,59418,319650,1836947,2934607,216894,7510836,820697,837420,69540,318746,6502871,79430,674083,53187,73042,9138605,346580,2197563]
instanceRandomization:[6,13,10,9,19,22,14,5,7,23,15,4,11,16,18,17,20,21,8,1,2,3,12,24,16,11,15,17,10,4,5,8,2,21,23,20,12,6,24,22,19,9,13,14,7,18,1,3,8,2,18,22,15,6,17,7,10,24,23,1,4,12,11,3,21,13,14,5,9,20,16,19]
ITI:[6,5,7,7,6,7,7,5,6,5,5,6,6,6,5,5,7,5,6,7,7,5,6,7,5,7,5,6,7,5,6,5,6,7,6,7,7,5,7,6,6,5,6,5,5,6,7,7,5,7,7,7,6,6,5,5,5,6,7,6,7,6,5,5,7,7,6,7,5,5,6,6]
SaccadeITI:[0.717555459666376,0.660138274387767,0.783280699824293,1.15696915200291,1.24750244508808,0.941777797493463,1.17756977615257,0.861692112016802,0.594749317349245,1.31318066253637,0.619336739260082,1.41413537606907,1.0815908020207,0.630985765329872,1.08070759203595,1.00749673259755,0.690496409622331,0.961814143074055,0.866702632590507,0.899684913999711,0.917676223519569,0.839084086318811,1.37047447597918,1.30040336873693,0.844773460955669,1.12637526270313,1.28552046472517,0.684961969110494,0.566861479387929,0.933341483430316,1.44499422710699,0.940075813171764,1.41597618007412,0.741598280457159,1.41683225876962,1.23541998521735,1.33114683635843,1.04027869280738,1.04689689523851,1.1023879822654,0.815642826802408,1.14224641195809,0.868189039950569,0.907876164730017,0.700557723020514,0.839670095670347,1.09956523481136,1.05271649252002,0.85087694421721,1.3897361541943,0.54512787455072,1.14775203292569,0.573512994761889,1.1436198138011,0.812830314350625,1.3653876647198,1.4654799970643,0.80214432029364,0.757858999616777,1.42676267058899]
SaccadeRandomization:[1,2,3,2,2,0,0,2,3,1,0,0,1,3,3,3,2,2,3,2,0,2,0,0,2,0,0,3,1,3,0,1,3,3,1,3,3,2,0,0,3,1,0,1,3,1,2,1,1,3,0,2,2,2,1,0,1,2,1,1,2,1,2,3,1,3,0,1,0,1,0,0,1,1,2,2,3,0,3,0,1,0,0,3,3,1,1,3,0,1,2,3,1,1,3,2,2,0,0,2,3,2,3,0,1,1,3,2,1,3,2,2,2,3,0,3,2,2,0,0,1,0,2,1,2,0,1,2,3,2,3,3,0,2,2,1,2,1,0,3,3,2,1,2,1,3,0,1,3,0,0,3,0,3,0,0,3,0,0,3,0,1,1,1,2,3,3,2,2,1,1,3,0,0,1,1,2,3,2,2,1,2,2,0,1,1,3,0,3,0,2,2,0,1,1,2,3,3,1,1,3,2,2,0,1,0,1,0,1,3,3,0,2,0,1,1,1,3,0,0,1,0,2,3,1,2,2,3,2,2,3,3,3,0,3,0,2,3,0,2]
cost:1
reward:0
reward_amount:[1,1,1,1,1,1,1,1,1,1,1,1,1,1,1,1,1,1,1,1,1,1,1,1,1,1,1,1,1,1,1,1,1,1,1,1,1,1,1,1,1,1,1,1,1,1,1,1,1,1,1,1,1,1,1,1,1,1,1,1,1,1,1,1,1,1,1,1,1,1,1,1]
