decision:1
size:0
numberOfTrials:12
numberOfBlocks:6
numberOfInstances:24
numberOfSaccadeTrials:60
numberOfSaccadeBlocks:4
cost_digits:[53187,76301,452769,319650,8753649,3514027,90463,9675308,9241637,936208,8921670,7510836,134798,70842,95326,4379216,6107592,589327,69540,82943,674083,321896,130729,23740,6392450,2571360,795236,8679321,602513,98514,16978,63128,362187,3864750,690528,502761,6502871,437128,318746,8053296,79430,43501,2563870,35190,19725,346580,73042,2934607,53768,91428,216894,65807,1756428,50276,8657402,820697,951720,837420,2197563,348106,42837,698735,9138605,1836947,946031,7209846,892057,13785,24065,1392786,3720689,59418]
instanceRandomization:[5,10,21,7,6,23,12,22,16,9,13,1,19,2,24,4,17,8,11,20,14,15,18,3,15,12,10,8,20,7,18,19,22,2,5,1,21,17,3,11,13,4,14,23,6,16,9,24,16,8,23,1,18,21,5,4,13,12,19,11,22,2,20,10,24,9,6,14,15,3,7,17]
ITI:[6,7,5,7,5,6,5,5,6,7,7,6,6,5,5,6,5,6,5,7,6,7,7,7,5,6,6,7,7,7,6,5,7,5,6,5,7,7,6,6,7,5,5,5,6,7,5,6,5,5,7,7,5,6,6,7,7,5,6,6,6,7,6,6,7,5,6,5,7,5,7,5]
SaccadeITI:[1.01760509735129,0.533291060562866,0.947212679629835,0.920117092637035,0.876499590083646,1.34910855916484,1.32519084340117,0.762328107228192,1.32096366057328,0.64600385245091,1.21589927151023,1.18251012576899,1.17881308714083,1.38015495109527,0.670282817763897,1.33209409806101,1.43583379578001,0.872339374936807,0.981691199673029,1.0092474337124,1.24134439727447,1.11535420091047,1.38336791898279,0.851700434546607,1.14924345383576,0.850931207967612,0.683936616956877,0.681196227987918,1.04785185641764,1.2338223555979,1.36655219932242,0.88706503281525,0.529783176576408,0.955397985728147,0.579232121670308,1.31983961546017,1.34531758594482,0.846796174851867,0.962926555743131,1.00540653019367,0.964741846399071,0.657062327574628,0.935981392247292,0.967085316862601,0.93699860558069,0.626422143160986,0.798090115507754,0.555446710988569,1.35581948290734,1.43177580516009,1.47178038334629,1.04706003967828,0.917013588446813,1.05787568315088,1.32325147519975,0.836051803167599,0.945943281372699,0.682862364073905,0.874414458024936,0.620070829840067]
SaccadeRandomization:[2,1,0,0,0,0,2,0,3,3,2,1,1,2,3,1,2,0,3,3,2,2,1,3,1,0,2,2,1,3,0,3,3,1,0,2,2,0,1,2,0,1,2,1,3,3,3,0,1,3,3,1,0,0,2,1,2,1,0,3,1,1,0,2,1,2,1,0,3,2,3,2,2,3,2,2,0,1,2,0,1,3,0,0,3,0,0,2,3,3,2,0,3,2,3,1,0,3,2,3,1,1,2,3,3,0,2,1,1,3,2,1,1,1,3,0,0,0,1,0,2,2,0,1,3,1,2,2,2,0,1,1,0,3,0,1,2,0,1,1,3,0,2,0,3,3,2,3,1,0,1,2,3,2,1,0,0,1,2,0,3,3,0,3,2,2,0,3,2,2,3,3,1,3,1,1,0,3,1,0,1,2,2,1,0,1,0,0,2,3,1,0,2,3,3,3,3,1,1,1,3,2,1,0,3,0,3,0,2,1,1,3,0,2,2,1,0,0,0,2,1,3,2,2,3,3,3,0,0,2,3,1,1,0,0,2,2,3,2,1]
cost:1
reward:0
reward_amount:[1,1,1,1,1,1,1,1,1,1,1,1,1,1,1,1,1,1,1,1,1,1,1,1,1,1,1,1,1,1,1,1,1,1,1,1,1,1,1,1,1,1,1,1,1,1,1,1,1,1,1,1,1,1,1,1,1,1,1,1,1,1,1,1,1,1,1,1,1,1,1,1]
