decision:1
size:0
numberOfTrials:12
numberOfBlocks:6
numberOfInstances:24
numberOfSaccadeTrials:60
numberOfSaccadeBlocks:4
cost_digits:[452769,79430,437128,9675308,7209846,1392786,91428,3720689,698735,95326,19725,69540,216894,502761,53187,63128,1836947,53768,9138605,837420,130729,820697,2563870,6392450,50276,892057,346580,16978,70842,82943,8053296,946031,8679321,318746,6107592,674083,936208,4379216,951720,42837,319650,3514027,90463,7510836,2197563,8657402,76301,24065,589327,795236,6502871,23740,2934607,35190,43501,98514,13785,8921670,690528,2571360,65807,9241637,348106,8753649,134798,3864750,1756428,73042,362187,321896,59418,602513]
instanceRandomization:[21,13,17,22,9,3,8,7,2,24,6,11,23,1,5,19,10,16,20,12,18,4,14,15,21,6,16,18,2,20,11,24,8,3,17,14,9,4,13,22,7,23,12,1,19,5,10,15,8,10,21,3,24,23,4,7,14,13,5,12,1,16,11,6,19,2,18,9,22,15,17,20]
ITI:[5,6,5,7,7,7,6,5,5,6,7,6,6,5,5,7,6,5,7,7,6,6,7,5,5,5,7,7,7,5,5,6,7,6,6,6,7,7,6,5,7,6,6,7,5,5,5,6,6,5,5,7,7,7,5,7,5,6,6,6,6,7,6,5,5,7,7,7,6,5,6,5]
SaccadeITI:[0.768232405123611,0.614249250323822,1.30320705956159,1.28195999556532,0.752935946158444,0.696319367441659,1.37179336667371,1.22956151695301,0.802705630132308,1.44371863751051,0.626534488688533,0.750576676971589,1.19332549109434,0.755119747652983,0.563473815967639,0.965752119602015,1.34731834748139,1.32637757382666,1.48244662809496,0.601593259194245,1.2530271256653,1.33568735181664,0.954719019060334,1.18201050342371,1.21852650487175,0.559294265865659,0.809671424500023,1.49202460230639,0.662914080716049,1.38934204022711,0.718890738378589,0.871413648997744,1.13118503166673,0.629828757544359,0.997082239187633,1.38100746803296,1.13636679824752,1.30141216067908,0.620369473875811,0.747319743673628,1.11367620568102,0.63566655193766,0.6375672874817,1.2626398545069,1.24143123178122,0.901377154917767,0.694602642844741,0.757068711503719,0.688873910981541,1.17776219307755,0.690086788435777,0.984678236472731,0.743341604185601,1.27952638006148,1.00800203432639,1.0753503443518,1.22599063807478,1.05972952156638,1.44023742264447,1.11309698241142]
SaccadeRandomization:[2,0,0,3,2,0,0,0,2,3,0,2,0,1,2,1,2,2,2,3,3,1,0,2,1,2,3,1,3,3,3,3,1,1,0,1,0,1,2,3,0,3,1,0,2,3,3,0,1,1,2,3,0,1,3,0,1,1,2,2,1,1,3,1,2,1,2,0,3,0,1,1,0,2,1,1,0,0,3,0,0,3,2,1,0,2,2,0,2,3,1,3,1,1,2,1,0,2,3,3,2,0,2,0,3,3,1,0,3,3,0,0,2,3,2,3,1,2,2,3,0,3,0,0,3,2,1,0,3,1,3,2,0,2,1,3,0,1,1,2,1,3,0,2,2,1,3,3,3,1,1,0,1,1,0,1,1,2,2,3,1,3,2,2,2,0,0,3,0,0,2,0,3,2,3,2,0,3,1,2,1,1,2,0,0,0,3,1,3,1,1,2,0,1,2,3,3,3,3,2,2,3,1,2,0,1,1,0,0,1,1,0,0,3,3,3,0,3,0,3,1,3,2,3,2,1,2,0,2,2,2,2,1,1,3,0,2,2,0,0]
cost:1
reward:0
reward_amount:[1,1,1,1,1,1,1,1,1,1,1,1,1,1,1,1,1,1,1,1,1,1,1,1,1,1,1,1,1,1,1,1,1,1,1,1,1,1,1,1,1,1,1,1,1,1,1,1,1,1,1,1,1,1,1,1,1,1,1,1,1,1,1,1,1,1,1,1,1,1,1,1]
