decision:1
size:0
numberOfTrials:12
numberOfBlocks:6
numberOfInstances:24
numberOfSaccadeTrials:60
numberOfSaccadeBlocks:4
cost_digits:[69540,9138605,35190,79430,1756428,318746,936208,8679321,98514,892057,502761,2197563,437128,42837,53768,674083,321896,1836947,70842,2571360,95326,4379216,8657402,452769,16978,946031,602513,3864750,6392450,3720689,50276,2563870,23740,837420,73042,8753649,8921670,216894,76301,589327,820697,6107592,9675308,346580,348106,53187,63128,65807,134798,91428,59418,1392786,9241637,690528,6502871,362187,951720,319650,698735,795236,130729,7209846,82943,13785,90463,19725,3514027,8053296,43501,2934607,7510836,24065]
instanceRandomization:[11,20,23,13,18,3,9,8,7,6,1,19,17,22,16,14,15,10,2,12,24,4,5,21,18,24,20,2,15,7,21,14,3,12,9,6,13,23,10,8,4,17,22,16,11,5,19,1,19,8,17,3,16,5,21,22,13,7,2,10,18,9,20,14,12,6,23,11,4,24,1,15]
ITI:[7,5,5,5,6,6,5,7,6,7,7,6,6,5,6,6,5,5,6,5,7,7,7,7,6,7,7,6,5,7,7,5,6,6,5,5,6,6,5,5,7,7,6,5,7,6,5,7,5,7,7,5,6,6,5,6,6,7,7,5,5,7,6,5,6,6,5,6,7,7,5,7]
SaccadeITI:[1.04341446894299,0.818804941438915,1.05450044695366,1.08208587772291,0.566349661509351,0.637737611374663,1.06993951561938,0.983308329312907,0.872131692777233,1.38292491349469,1.34598761873397,0.782679761825906,1.33878295293155,1.08987009345631,0.986044062600316,0.751167306276814,1.31440155237991,1.4537507317223,0.640703761317612,0.720869717486979,0.627050472722234,1.0366264840782,0.791520520877869,0.492457501656221,1.11594293971624,0.693892234769495,1.17629471218291,1.31608494633886,0.750379180601643,0.603431346426563,0.561989164511518,1.44543923304494,1.41853068705726,1.10902907077301,1.37737343723032,1.22694949300106,1.45691482170563,0.757264401131154,0.774768282958151,1.47555134871121,0.661780281291188,1.16999949824143,1.42416941986497,1.22734132648523,1.28107255750413,1.31837571651752,1.19186985289756,0.587145679929139,1.08768099436614,0.705334087899731,1.36843910750079,0.86811053759496,0.90552815219465,0.903439806141735,0.722467778782205,0.549892982301147,0.68637733400877,0.774954738627033,0.985034898920761,1.43803995155807]
SaccadeRandomization:[0,1,0,3,2,0,1,3,1,3,1,3,1,1,2,0,0,3,1,2,2,3,3,0,0,1,0,1,3,3,2,1,2,0,2,0,2,0,0,2,3,3,0,1,1,3,2,2,1,1,2,3,2,0,1,3,0,2,3,2,3,1,3,3,3,1,3,0,1,3,0,1,0,0,0,1,0,2,0,1,1,1,2,0,3,2,3,3,3,3,2,2,2,2,1,2,2,3,0,2,1,1,2,1,2,0,2,0,1,0,0,3,3,3,1,0,0,2,1,2,0,0,0,2,3,3,3,3,1,0,0,1,1,3,1,3,2,2,3,2,0,1,3,0,1,2,0,1,0,2,1,3,2,2,1,0,0,1,0,3,1,3,2,3,1,3,3,2,2,1,0,2,2,3,1,2,2,1,0,0,1,1,2,1,2,2,0,0,2,3,3,2,2,0,3,2,0,1,1,1,2,1,3,3,3,3,2,0,1,0,3,2,3,0,0,2,3,1,0,0,0,3,3,0,3,0,3,1,1,2,2,2,1,1,1,0,3,1,0,2]
cost:1
reward:0
reward_amount:[1,1,1,1,1,1,1,1,1,1,1,1,1,1,1,1,1,1,1,1,1,1,1,1,1,1,1,1,1,1,1,1,1,1,1,1,1,1,1,1,1,1,1,1,1,1,1,1,1,1,1,1,1,1,1,1,1,1,1,1,1,1,1,1,1,1,1,1,1,1,1,1]
