decision:1
size:0
numberOfTrials:12
numberOfBlocks:6
numberOfInstances:36
numberOfSaccadeTrials:60
numberOfSaccadeBlocks:4
cost_digits:[895342,836045,861904,534986,968572,5,8,6,547039,9,482601,1,8,8,723168,8,6,367509,3,635829,9,2,6,8,7,324618,276315,250789,1,538692,350628,926830,480597,843579,2,3,7,3,945283,1,9,6,934510,3,632781,590421,958672,4,806134,841923,1,9,709483,289103,7,194876,629834,2,174835,780235,502816,145630,367528,6,8,659410,2,6,8,5,537812,8]
instanceRandomization:[9,2,22,13,14,35,27,31,28,25,12,17,36,10,20,4,1,3,8,6,32,21,19,15,11,33,18,30,23,29,5,7,34,16,26,24,33,5,32,16,34,3,11,7,25,10,15,14,21,27,12,30,1,23,20,24,36,18,19,35,26,8,4,29,22,31,13,2,6,9,17,28]
ITI:[7,7,5,6,5,7,6,6,5,5,6,7,6,7,5,5,5,7,6,6,7,5,6,7,5,6,7,7,6,6,7,5,5,7,5,6,7,6,6,5,7,6,5,6,7,5,7,5,5,7,6,6,7,7,7,6,5,5,5,6,5,7,5,7,5,6,6,6,6,5,7,7]
SaccadeITI:[0.687898499169387,0.856081874552183,0.976529674115591,1.38519036720972,0.560875365254469,0.849933405616321,1.17075340400916,0.645430179755203,1.08268709501717,1.05621926391032,1.36012966230046,0.846049528080039,1.32980785563122,1.35322350377683,1.38642812960315,1.20070024181623,0.825066300551407,1.10685113815125,0.621848453511484,1.12495050041471,1.07941592948046,1.09106531783473,0.881043452280573,0.748463095142506,1.41847051305231,1.22118425297085,0.883829495846294,0.896479763300158,1.41857854134869,0.88779684479814,0.796770939347334,1.03976134674158,1.40909241044428,0.507335358276032,0.913112093205564,1.43158869885374,0.6330861518858,1.30738857130054,1.35750521996524,1.03274557201657,1.10922565471847,0.437530349218286,0.625000938982703,0.56869419964496,0.626028492092155,1.17134299220052,1.10625214197207,1.07355474538635,1.33332129495684,0.689870332344435,0.838748552347533,0.739707040577195,0.878363969712518,1.28710779149551,0.711267136479728,1.40896649819333,0.814670853293501,1.35427148288582,1.34567117386032,0.499036349100061]
SaccadeRandomization:[1,1,1,0,3,3,0,2,2,0,1,0,2,2,1,2,0,3,0,0,1,0,0,1,2,0,2,0,2,3,3,3,3,2,2,1,0,1,0,3,2,2,0,3,1,2,3,3,3,1,1,1,3,1,2,1,0,3,3,2,1,2,3,3,0,3,1,1,1,2,1,0,0,0,3,1,2,2,3,3,2,1,2,3,2,0,2,1,0,2,3,1,2,0,3,0,3,1,3,2,3,2,0,0,3,0,0,3,2,3,1,1,1,1,2,0,0,1,0,2,2,3,0,0,2,0,2,1,1,0,1,1,1,3,2,3,3,3,0,3,1,1,0,0,2,1,1,1,2,0,1,3,0,2,2,3,0,3,3,2,2,2,2,3,1,3,1,2,0,0,2,3,1,3,1,0,0,3,2,0,0,2,3,0,3,1,1,0,3,1,0,2,1,3,3,3,0,1,0,0,0,2,2,2,3,1,3,2,2,1,1,1,2,0,2,2,2,1,0,1,0,2,0,1,3,2,1,3,3,3,0,2,2,3,3,0,0,1,3,1]
cost:1
reward:0
reward_amount:[0.5,0.5,0.5,0.5,0.5,0.5,0.5,0.5,0.5,0.5,0.5,0.5,0.5,0.5,0.5,0.5,0.5,0.5,0.5,0.5,0.5,0.5,0.5,0.5,0.5,0.5,0.5,0.5,0.5,0.5,0.5,0.5,0.5,0.5,0.5,0.5,0.5,0.5,0.5,0.5,0.5,0.5,0.5,0.5,0.5,0.5,0.5,0.5,0.5,0.5,0.5,0.5,0.5,0.5,0.5,0.5,0.5,0.5,0.5,0.5,0.5,0.5,0.5,0.5,0.5,0.5,0.5,0.5,0.5,0.5,0.5,0.5]
