decision:1
size:0
numberOfTrials:12
numberOfBlocks:6
numberOfInstances:36
numberOfSaccadeTrials:60
numberOfSaccadeBlocks:4
cost_digits:[841923,723168,6,8,250789,6,895342,3,9,9,194876,1,289103,2,1,836045,3,861904,926830,8,9,968572,367509,2,8,6,324618,2,502816,537812,6,8,958672,934510,780235,367528,8,8,174835,843579,1,7,632781,276315,945283,709483,145630,629834,547039,3,6,5,1,635829,480597,534986,350628,590421,4,659410,7,8,5,806134,6,2,7,482601,8,538692,3,9]
instanceRandomization:[27,20,19,28,30,29,9,8,25,34,24,16,23,13,12,2,5,22,7,6,32,14,3,21,10,31,33,18,26,17,1,36,15,11,35,4,27,4,19,16,17,20,25,18,32,1,8,36,28,24,3,35,23,6,34,13,5,10,14,31,11,15,9,21,2,26,33,12,22,29,7,30]
ITI:[6,7,6,7,7,7,6,5,5,5,6,5,6,6,5,6,5,6,7,5,7,5,7,7,6,7,7,5,7,5,6,5,6,7,6,5,7,5,6,6,5,5,6,7,7,6,7,5,7,6,6,5,5,6,5,6,7,7,7,5,5,7,5,5,7,5,7,6,6,6,6,7]
SaccadeITI:[0.751100504006414,1.07623188493696,0.553865069690316,0.67047789756131,1.22645065600906,1.34482920559046,0.927316485372527,1.13995500367989,0.731123418714075,1.28537157287744,1.13426589493562,0.710612449496208,1.1343758454818,1.46805850665939,0.942772304340421,1.14469985517596,0.950992257966815,0.542502934978499,1.00785754963678,0.618920930129631,0.892287589543654,0.966239170105352,1.1857346069805,0.686204357239573,0.49033427068886,1.41178123623055,0.523469764440476,1.41447469585498,1.14246615388353,1.45004329078753,0.910640120207487,1.33196195371371,1.02044877892282,0.588292006337239,0.891339976973055,1.46670489844788,0.562386156925155,1.40470490481627,1.04956700459976,1.11984420747419,0.943718439600586,0.624046740521832,0.931531977540969,1.47184666938071,1.41307543327954,0.631466722282736,1.12617618421015,0.786934691880985,1.32204386375767,1.35207234200013,0.741188580569966,1.25514619721022,0.587877415985955,0.941311001478849,0.986138020110472,0.557877344711839,1.33208946457986,1.47748994355012,0.880802434570311,0.766461161364956]
SaccadeRandomization:[3,2,1,1,3,2,0,0,3,3,2,1,2,1,1,0,0,0,1,0,3,2,2,3,3,1,1,2,3,1,1,3,0,0,2,0,0,0,3,1,2,3,3,1,2,2,0,1,1,2,2,0,3,2,2,0,0,3,1,3,1,2,0,0,3,1,1,2,0,2,1,3,1,2,1,3,2,3,0,2,2,2,0,0,2,0,3,1,1,2,0,0,2,1,3,0,2,0,2,0,1,2,3,1,0,0,1,3,0,1,3,3,1,3,2,1,3,3,3,3,2,1,1,0,3,1,2,0,1,0,1,3,2,2,1,3,0,2,3,2,3,0,0,3,1,1,0,2,0,3,2,3,1,3,2,0,1,3,2,3,0,2,1,0,0,3,0,2,2,0,3,3,2,1,2,1,1,1,3,0,1,2,3,3,3,0,0,1,1,2,2,3,0,3,2,0,3,0,1,3,0,1,1,0,0,2,1,3,2,2,0,0,1,1,3,3,3,2,2,1,1,3,1,2,2,2,3,0,2,0,0,3,2,1,2,0,3,0,1,1]
cost:1
reward:0
reward_amount:[0.5,0.5,0.5,0.5,0.5,0.5,0.5,0.5,0.5,0.5,0.5,0.5,0.5,0.5,0.5,0.5,0.5,0.5,0.5,0.5,0.5,0.5,0.5,0.5,0.5,0.5,0.5,0.5,0.5,0.5,0.5,0.5,0.5,0.5,0.5,0.5,0.5,0.5,0.5,0.5,0.5,0.5,0.5,0.5,0.5,0.5,0.5,0.5,0.5,0.5,0.5,0.5,0.5,0.5,0.5,0.5,0.5,0.5,0.5,0.5,0.5,0.5,0.5,0.5,0.5,0.5,0.5,0.5,0.5,0.5,0.5,0.5]
