decision:1
size:0
numberOfTrials:12
numberOfBlocks:6
numberOfInstances:36
numberOfSaccadeTrials:60
numberOfSaccadeBlocks:4
cost_digits:[7,3,9,958672,895342,8,8,8,4,534986,367509,276315,482601,3,3,289103,250789,843579,6,9,1,8,836045,145630,841923,806134,9,6,8,659410,2,538692,324618,780235,934510,8,7,6,632781,6,8,709483,590421,2,480597,1,1,537812,6,547039,1,723168,3,194876,9,6,2,945283,629834,7,502816,350628,367528,926830,861904,5,174835,2,968572,8,635829,5]
instanceRandomization:[20,24,32,15,9,28,10,36,14,13,3,18,12,7,5,23,30,16,1,25,17,4,2,8,27,21,34,19,6,31,26,29,33,35,11,22,33,3,25,2,27,1,10,18,34,23,16,17,29,28,12,20,8,24,30,31,13,32,36,11,26,5,4,7,22,9,19,21,14,15,6,35]
ITI:[5,6,6,5,6,7,7,7,5,6,7,5,6,6,7,7,5,7,5,6,5,7,6,5,6,5,5,6,7,7,6,7,7,5,5,6,6,6,6,7,5,7,7,5,5,6,5,7,7,5,6,6,6,5,7,6,5,7,7,5,5,5,6,7,6,6,7,7,5,6,7,5]
SaccadeITI:[1.12702693146033,1.14755034314779,0.819491651918118,0.744650060854231,0.79309519364809,1.33933407308844,0.954902813614657,1.42511011760992,0.584540030763795,0.980408570573976,0.623274224189421,1.43445474126687,1.11125560764534,1.20694190108528,0.640596795206269,1.05230664097083,0.781958590572079,0.699635182119285,1.48447965861609,1.38590324817536,1.47778638809298,0.999579262997334,0.833853169654806,0.614445753705998,1.04817892991317,0.851646355896567,0.826912873036539,1.44828833833647,0.885203251692777,1.19379900962425,0.6722138603994,0.83153805260857,0.898690039602419,0.531733760920664,1.47102525605199,0.73216135132437,0.642714535196622,1.40808196978954,1.2705237326057,1.50071951731419,0.871783645435547,0.539626794246336,1.20313592914802,1.39528561018718,1.50244280843375,1.15886816809264,1.17013499940125,0.682005847649028,1.03304408754533,0.768116002747168,0.610421669048568,0.740931268859034,1.29775050383372,1.11948215945934,0.582605005319541,0.795612171137085,1.11900750927938,0.643584758819391,0.895867965727424,1.39428131033977]
SaccadeRandomization:[3,1,3,0,0,3,3,2,0,2,2,1,1,3,1,1,3,2,1,0,1,3,2,0,0,3,3,0,3,3,2,2,2,0,3,0,3,1,0,0,2,1,2,3,1,2,1,1,0,2,2,3,0,2,1,0,1,1,2,0,0,1,0,0,0,0,1,3,2,2,3,2,3,0,1,0,1,0,2,1,0,0,2,3,2,0,2,1,3,1,1,3,3,3,3,1,3,1,3,0,0,3,1,0,1,2,3,1,2,2,1,3,2,2,0,1,2,2,3,2,2,1,0,1,3,1,0,2,2,1,2,2,0,0,3,2,1,3,0,0,3,0,1,0,0,0,1,3,1,3,1,0,2,2,1,3,3,2,2,3,0,2,1,2,2,3,3,0,1,1,3,3,3,3,0,1,1,2,2,0,3,2,2,3,3,1,3,0,1,1,3,2,1,0,1,2,1,2,2,3,2,0,3,3,1,0,2,1,3,0,2,1,2,2,3,0,0,0,1,0,3,0,3,0,1,3,2,0,0,1,1,0,2,2,3,1,1,3,2,0]
cost:1
reward:0
reward_amount:[0.5,0.5,0.5,0.5,0.5,0.5,0.5,0.5,0.5,0.5,0.5,0.5,0.5,0.5,0.5,0.5,0.5,0.5,0.5,0.5,0.5,0.5,0.5,0.5,0.5,0.5,0.5,0.5,0.5,0.5,0.5,0.5,0.5,0.5,0.5,0.5,0.5,0.5,0.5,0.5,0.5,0.5,0.5,0.5,0.5,0.5,0.5,0.5,0.5,0.5,0.5,0.5,0.5,0.5,0.5,0.5,0.5,0.5,0.5,0.5,0.5,0.5,0.5,0.5,0.5,0.5,0.5,0.5,0.5,0.5,0.5,0.5]
