decision:1
size:0
numberOfTrials:12
numberOfBlocks:6
numberOfInstances:36
numberOfSaccadeTrials:60
numberOfSaccadeBlocks:4
cost_digits:[3,6,934510,9,8,8,843579,7,632781,841923,895342,861904,659410,276315,4,836045,945283,2,8,8,926830,1,7,8,537812,480597,534986,194876,6,635829,6,1,6,145630,5,502816,7,5,968572,547039,2,324618,174835,250789,806134,780235,8,590421,367528,1,8,2,3,9,3,6,538692,709483,350628,8,6,3,958672,367509,482601,9,2,289103,9,629834,723168,1]
instanceRandomization:[5,19,11,30,28,4,16,20,25,27,9,22,31,18,14,2,32,21,15,10,7,23,33,36,17,34,13,24,1,6,29,12,3,8,35,26,11,9,14,28,13,33,19,30,21,35,6,10,4,17,27,26,7,25,8,2,29,1,5,22,31,24,15,3,12,32,18,23,34,36,20,16]
ITI:[5,5,7,6,6,6,7,5,7,6,7,5,6,7,7,6,5,7,6,7,6,5,5,5,6,6,5,7,7,6,5,5,7,7,5,6,7,6,7,6,7,5,5,7,6,5,6,5,6,6,7,7,7,7,5,5,5,6,5,6,7,5,6,6,6,7,5,6,7,5,5,7]
SaccadeITI:[1.37083542020991,1.18734804377891,0.990975024411455,1.45221177441999,1.10886309109628,0.849787431536242,0.721866667503491,0.70293429470621,1.17167973401956,0.997438268270344,0.645897343754768,1.01486510620452,0.57917506643571,0.513316860189661,1.02383494609967,1.47835985128768,1.38108449522406,0.973090728744864,1.09758307295851,0.861729868687689,0.739935285644606,1.4100001428742,1.38991152797826,0.643958360888064,0.717499085702002,0.564355644164607,1.34868888510391,1.1785064379219,1.25876007485203,0.966529579367489,1.10341669037007,1.26530801178887,0.503198853693902,0.708491162862629,0.678552545141429,1.47335998783819,1.2081228075549,0.957618850283325,1.11306596314535,1.12109488155693,1.40765726217069,1.30852188309655,0.761350518325344,0.846909798681736,0.898121559759602,0.606422596843913,1.32863707724027,1.26469877921045,1.02766701555811,0.930797460721806,0.753362130839378,0.71537773241289,0.650891893543303,1.35831116791815,0.577857843600214,1.28268419299275,1.3026216016151,0.758640583371744,1.0150364250876,0.731180608738214]
SaccadeRandomization:[3,3,1,2,1,3,2,0,1,2,0,1,1,3,3,1,0,2,1,3,1,0,2,0,0,1,2,0,3,1,0,0,3,1,2,1,2,1,1,2,3,2,1,0,2,0,3,3,2,2,3,2,3,0,3,2,3,0,0,0,3,0,1,1,0,2,2,3,1,2,3,3,0,1,0,1,2,2,2,1,2,2,3,0,3,2,0,2,2,1,1,1,3,0,2,3,1,0,0,1,0,3,2,3,1,3,3,0,2,3,0,3,0,2,1,1,1,3,0,0,3,2,3,3,0,2,2,2,2,2,3,0,0,1,3,3,3,0,2,1,3,3,0,1,0,2,3,2,1,1,1,0,2,1,0,0,2,0,2,0,3,0,3,0,3,3,2,1,1,1,1,1,1,0,3,1,1,2,0,2,2,0,1,0,1,3,1,2,1,1,2,2,2,1,1,1,0,3,2,1,2,3,0,3,0,1,2,1,2,1,1,0,2,1,2,2,3,3,3,3,3,0,2,0,0,3,3,3,0,0,0,1,2,3,0,3,3,0,0,2]
cost:1
reward:0
reward_amount:[0.5,0.5,0.5,0.5,0.5,0.5,0.5,0.5,0.5,0.5,0.5,0.5,0.5,0.5,0.5,0.5,0.5,0.5,0.5,0.5,0.5,0.5,0.5,0.5,0.5,0.5,0.5,0.5,0.5,0.5,0.5,0.5,0.5,0.5,0.5,0.5,0.5,0.5,0.5,0.5,0.5,0.5,0.5,0.5,0.5,0.5,0.5,0.5,0.5,0.5,0.5,0.5,0.5,0.5,0.5,0.5,0.5,0.5,0.5,0.5,0.5,0.5,0.5,0.5,0.5,0.5,0.5,0.5,0.5,0.5,0.5,0.5]
