decision:1
size:0
numberOfTrials:12
numberOfBlocks:6
numberOfInstances:36
numberOfSaccadeTrials:60
numberOfSaccadeBlocks:4
cost_digits:[547039,934510,367509,8,5,2,6,1,502816,8,8,945283,6,9,836045,145630,843579,2,926830,1,8,2,635829,194876,538692,4,7,1,8,350628,632781,324618,9,659410,629834,895342,2,276315,6,1,806134,9,780235,6,3,3,8,958672,537812,723168,289103,8,5,534986,174835,7,6,861904,709483,590421,3,6,480597,968572,367528,841923,3,7,250789,9,8,482601]
instanceRandomization:[28,11,3,22,35,18,19,17,26,27,10,32,1,34,2,8,16,13,7,12,15,21,6,24,29,14,20,23,4,5,25,33,30,31,36,9,26,18,29,16,21,32,35,3,8,24,6,15,17,20,23,28,9,13,19,33,2,22,1,10,5,31,34,14,4,27,7,11,30,25,36,12]
ITI:[5,5,6,5,7,5,7,7,6,6,6,7,5,7,6,5,6,7,6,5,7,7,6,5,6,5,7,5,7,7,5,5,6,6,7,6,5,6,5,5,7,6,7,5,7,6,7,6,5,7,5,7,7,5,7,5,6,6,6,6,5,6,6,6,5,7,6,7,7,7,5,5]
SaccadeITI:[1.30997458793766,0.497703032051989,0.776317141666853,1.04247662745959,1.21587514755859,1.3436372458896,0.716006735289314,1.17444476759604,1.22258013435251,1.2910238881091,1.00699174538798,0.79839059356212,0.932585680574024,1.04480613017998,0.511983464887211,1.06974226464129,0.979530780758554,1.22915017669632,1.190467535002,1.17490149656854,0.987994189789364,0.996209158046016,1.11422375561281,1.43025792827442,0.947649510526875,0.719771204698676,0.969645154146322,0.7368577799721,0.867120011193523,0.912459713822076,1.45910571487232,1.05715354270845,1.47098941932976,0.966250522710228,1.30452038505658,1.31228301669083,0.618802442863428,0.87460976880587,1.3529820865447,1.21132270916908,0.569433463686922,1.43174959085494,0.544366712631503,0.79905994720369,1.07953358250282,0.601255384689042,0.975936029987255,1.45371952135659,1.0068881201519,0.650990270027736,0.676760841809058,1.35180932161942,0.937157858345502,1.00827395747959,0.781930223522553,1.04203015141732,0.816070906068975,0.69855226361736,1.01999416499942,0.715690497025692]
SaccadeRandomization:[1,0,2,3,2,1,3,2,2,1,3,0,0,1,2,0,2,1,2,1,2,0,3,1,0,0,2,1,2,0,1,0,0,2,3,3,3,0,3,2,3,3,1,1,2,1,1,0,3,0,0,3,2,1,2,1,3,3,3,0,1,2,2,1,3,2,0,1,1,3,2,1,0,3,1,2,1,3,1,1,1,3,2,2,0,3,0,0,0,2,0,0,3,3,1,3,0,1,2,0,0,0,1,1,2,2,3,3,2,0,0,3,2,3,1,2,0,2,3,3,1,0,1,3,3,2,1,0,2,0,2,1,2,1,1,3,2,1,0,2,3,2,0,0,0,0,0,2,1,1,0,3,3,3,3,1,1,0,1,1,3,1,0,2,3,3,3,2,2,0,2,3,1,3,2,0,2,0,2,3,3,0,0,3,3,1,2,2,1,0,2,0,3,2,3,0,0,0,0,1,1,3,0,3,2,0,2,1,3,1,1,0,0,2,1,2,2,3,1,0,2,0,3,1,3,0,2,1,2,1,1,1,3,1,2,2,3,3,3,2]
cost:1
reward:0
reward_amount:[0.5,0.5,0.5,0.5,0.5,0.5,0.5,0.5,0.5,0.5,0.5,0.5,0.5,0.5,0.5,0.5,0.5,0.5,0.5,0.5,0.5,0.5,0.5,0.5,0.5,0.5,0.5,0.5,0.5,0.5,0.5,0.5,0.5,0.5,0.5,0.5,0.5,0.5,0.5,0.5,0.5,0.5,0.5,0.5,0.5,0.5,0.5,0.5,0.5,0.5,0.5,0.5,0.5,0.5,0.5,0.5,0.5,0.5,0.5,0.5,0.5,0.5,0.5,0.5,0.5,0.5,0.5,0.5,0.5,0.5,0.5,0.5]
