decision:1
size:0
numberOfTrials:12
numberOfBlocks:6
numberOfInstances:36
numberOfSaccadeTrials:60
numberOfSaccadeBlocks:4
cost_digits:[1,174835,8,723168,5,659410,1,1,534986,8,3,5,836045,843579,480597,8,6,4,7,3,9,367528,8,841923,709483,276315,502816,538692,926830,806134,934510,9,145630,9,958672,8,9,629834,8,3,367509,8,632781,1,324618,2,350628,2,537812,6,194876,861904,968572,895342,6,547039,945283,6,2,250789,6,482601,8,590421,7,2,3,7,6,635829,780235,289103]
instanceRandomization:[12,19,36,20,35,31,23,17,13,10,5,9,2,16,34,22,3,14,33,24,30,4,6,27,1,18,26,29,7,21,11,25,8,32,15,28,34,36,4,7,3,15,25,16,33,18,5,13,17,29,24,22,14,9,19,28,32,2,26,30,1,12,27,10,11,21,8,20,31,6,35,23]
ITI:[5,6,7,6,7,5,6,7,7,6,5,5,7,6,5,7,6,6,6,5,7,5,5,7,5,6,5,6,7,5,6,5,7,7,7,6,6,5,7,7,5,5,6,7,5,6,7,6,6,7,5,5,7,6,6,5,6,7,5,7,6,5,6,5,6,5,7,7,5,7,6,7]
SaccadeITI:[0.663013501360547,1.11826539648464,1.18511965385405,1.41087992073735,0.692019495449495,1.26272088013357,0.827631211176049,1.06557443927741,0.689332791406196,0.64669768702006,1.19678385559237,1.50713827324798,0.791412376833614,0.589551911025774,1.46799831980607,1.031257553061,0.57412383685587,0.958757930702996,0.832999401295092,1.34393331947504,0.724524729920086,1.05778411197243,1.09810648000566,1.32079875821946,0.918514302500989,0.655244650586974,1.32453142622253,0.736894302570727,1.29975273254095,0.812633949366864,0.797783231630456,1.26644054361386,0.935659751563799,1.006552374491,0.711670042749029,1.47703980378574,0.892358360614162,0.731066676124465,1.14753934465116,0.788027898443397,1.47687541603809,0.797069566126447,1.1651352637331,0.938604696921539,1.46367051269626,0.92181401400594,1.33337470729602,0.743265405565035,1.216143754113,0.642417487257626,0.892177013482433,1.19517687152838,1.5035543991602,0.633397224161308,1.34744426192483,0.627482156537008,0.633502041490283,1.29744064438855,0.799631628242787,0.813687708962243]
SaccadeRandomization:[2,0,2,1,0,0,1,1,0,0,0,3,1,1,1,2,0,2,2,3,3,0,3,0,3,1,2,1,1,3,3,3,2,0,2,0,1,2,1,3,3,3,1,2,1,3,2,0,2,2,2,3,1,3,0,3,2,0,0,1,0,2,2,2,2,3,2,1,1,1,3,0,2,0,1,2,0,0,2,2,1,1,0,3,1,2,0,3,1,3,1,0,1,3,2,3,1,0,1,3,3,0,0,1,3,2,3,3,2,3,0,2,0,3,1,0,2,3,1,0,0,1,0,3,2,1,2,3,0,2,2,1,2,1,0,2,2,3,1,2,2,1,1,0,1,0,1,3,3,0,2,3,3,0,3,1,0,1,0,3,0,1,3,1,0,0,2,1,2,2,3,2,1,3,3,0,2,0,3,3,2,2,2,2,0,0,3,3,3,2,1,2,1,1,2,0,0,3,0,1,0,1,0,1,2,3,1,2,3,1,0,3,3,1,0,0,3,3,3,2,2,2,3,1,1,2,1,2,3,0,3,1,3,0,1,0,2,0,1,0]
cost:1
reward:0
reward_amount:[0.5,0.5,0.5,0.5,0.5,0.5,0.5,0.5,0.5,0.5,0.5,0.5,0.5,0.5,0.5,0.5,0.5,0.5,0.5,0.5,0.5,0.5,0.5,0.5,0.5,0.5,0.5,0.5,0.5,0.5,0.5,0.5,0.5,0.5,0.5,0.5,0.5,0.5,0.5,0.5,0.5,0.5,0.5,0.5,0.5,0.5,0.5,0.5,0.5,0.5,0.5,0.5,0.5,0.5,0.5,0.5,0.5,0.5,0.5,0.5,0.5,0.5,0.5,0.5,0.5,0.5,0.5,0.5,0.5,0.5,0.5,0.5]
