decision:1
size:0
numberOfTrials:12
numberOfBlocks:6
numberOfInstances:36
numberOfSaccadeTrials:60
numberOfSaccadeBlocks:4
cost_digits:[659410,8,480597,2,3,2,9,8,8,709483,7,3,934510,538692,3,968572,8,324618,174835,3,841923,367509,1,895342,6,9,1,629834,635829,482601,843579,2,547039,5,502816,250789,945283,9,2,8,9,1,289103,7,6,350628,1,6,723168,8,534986,5,8,958672,367528,7,537812,6,836045,926830,632781,276315,194876,8,6,780235,6,806134,145630,4,590421,861904]
instanceRandomization:[31,22,34,21,24,18,32,15,4,1,20,5,11,29,7,14,10,33,19,8,27,3,23,9,2,25,17,36,6,12,16,13,28,35,26,30,32,34,26,6,30,16,23,11,19,5,12,1,20,36,13,9,27,15,4,33,17,29,2,7,25,18,24,28,31,35,3,21,8,14,10,22]
ITI:[5,5,7,6,7,6,7,6,5,6,5,7,5,5,6,7,5,7,7,6,7,5,6,6,7,6,6,5,6,5,5,7,7,5,6,7,6,7,7,5,5,7,5,6,6,6,7,5,6,6,6,5,5,7,7,6,7,7,5,5,7,7,7,6,7,5,5,5,6,6,5,6]
SaccadeITI:[1.35017367275432,1.43108017938212,0.724847636977211,1.20670782015659,0.887164886202663,1.3798112208955,1.01863795178942,1.23026356250048,1.03993837195449,1.25939001967199,1.21403237092309,0.914268850442022,1.16254823245108,1.34160096347332,0.577889736369252,1.00519328829832,0.465793773159385,1.09458992872387,1.42456250204705,0.876466346997768,0.939326788857579,1.30660996036604,1.11603859076276,1.28480209931731,1.42577761490829,0.599595800135285,0.827128446986899,0.915945473918691,0.47663895515725,1.43150396212004,0.722353799827397,0.904981011152267,1.29703012630343,0.649003778677434,0.85869270991534,0.606359202042222,1.34488636706956,0.5390849808231,0.794742579432204,1.29080704166554,0.89210822279565,1.43130644047633,1.04600706775673,1.1809976474382,0.673854869417846,1.30203005424701,0.552053623227402,1.32424520803615,1.07484330991283,0.660080829495564,0.645053475257009,1.39410321237519,0.622148363944143,0.805861182603985,0.629427296901122,1.03872475223616,1.16727292011492,1.13585610510781,0.546089665358886,0.94166514868848]
SaccadeRandomization:[1,0,2,3,2,0,2,2,3,1,3,1,3,0,0,0,2,1,1,1,0,3,2,1,3,0,3,2,1,2,0,0,2,3,1,3,2,1,3,0,3,1,0,0,1,0,3,3,1,2,1,2,3,2,0,1,0,2,3,2,2,3,2,2,0,1,0,3,1,0,3,2,2,3,0,2,1,0,0,2,2,0,3,1,0,3,1,1,3,3,3,0,1,3,3,1,3,3,3,0,2,0,2,3,2,1,0,1,0,2,0,2,1,0,1,1,2,1,2,1,3,1,3,0,3,1,0,0,2,2,1,3,0,0,2,3,0,3,0,1,1,1,2,0,2,2,2,3,0,0,1,1,2,1,1,3,0,1,2,1,1,2,2,0,1,3,0,1,3,2,3,2,0,2,3,3,3,3,2,0,1,3,0,3,3,1,2,2,0,3,0,3,2,2,3,0,0,0,1,2,1,1,2,1,3,1,0,0,1,2,0,0,1,2,3,2,2,2,3,1,3,0,1,0,3,3,1,0,3,2,0,0,2,2,1,3,1,1,3,2]
cost:1
reward:0
reward_amount:[0.5,0.5,0.5,0.5,0.5,0.5,0.5,0.5,0.5,0.5,0.5,0.5,0.5,0.5,0.5,0.5,0.5,0.5,0.5,0.5,0.5,0.5,0.5,0.5,0.5,0.5,0.5,0.5,0.5,0.5,0.5,0.5,0.5,0.5,0.5,0.5,0.5,0.5,0.5,0.5,0.5,0.5,0.5,0.5,0.5,0.5,0.5,0.5,0.5,0.5,0.5,0.5,0.5,0.5,0.5,0.5,0.5,0.5,0.5,0.5,0.5,0.5,0.5,0.5,0.5,0.5,0.5,0.5,0.5,0.5,0.5,0.5]
