decision:1
size:0
numberOfTrials:12
numberOfBlocks:6
numberOfInstances:36
numberOfSaccadeTrials:60
numberOfSaccadeBlocks:4
cost_digits:[9,194876,537812,367509,7,635829,780235,926830,861904,8,289103,9,482601,2,6,8,836045,6,6,8,4,5,843579,9,174835,502816,3,8,8,2,723168,145630,480597,958672,534986,7,367528,590421,8,547039,6,324618,629834,9,841923,1,2,6,2,806134,1,350628,8,1,7,945283,276315,538692,632781,968572,3,1,895342,3,659410,709483,8,3,5,6,934510,250789]
instanceRandomization:[32,24,17,3,11,6,35,7,22,28,23,25,12,18,31,27,2,1,29,4,14,9,16,30,19,26,5,10,36,21,20,8,34,15,13,33,4,10,6,28,19,33,36,34,27,12,26,2,13,21,23,5,22,17,20,32,18,29,25,14,8,16,9,7,31,1,15,24,35,3,11,30]
ITI:[7,6,5,5,5,6,7,6,7,7,5,6,5,6,6,7,6,7,6,5,7,5,5,7,7,5,6,7,7,6,5,5,5,7,6,6,7,7,7,6,5,5,6,5,6,5,6,7,6,7,5,6,7,6,5,7,5,7,5,6,5,5,6,6,7,6,7,7,6,5,7,5]
SaccadeITI:[0.565005197523472,1.46190276449391,1.27162721576945,0.909915017064971,1.36638504789056,0.551220930282337,1.28583439729021,1.13668561550633,1.1256820092521,1.4240608793761,0.721285113001553,1.38030745285408,0.845082268219752,0.674064345525888,0.677617854306785,1.12321492224776,0.727252327006621,1.30244533494891,0.856740241738347,1.19949966027246,1.45188372103342,0.796003166454223,0.732257481299651,0.988588437306074,1.05220467351222,1.32706811591828,0.628403239751545,1.00549340840274,0.908499358788443,1.47065267279589,1.14757749215545,1.24303841810518,1.39789076555365,1.42438850375668,0.507457933023882,1.29482328063653,1.02682169094527,0.561331980496955,1.23288237988794,1.2715448514636,0.99440725693324,0.77265215931305,1.3720679458774,1.14715900305503,1.14123861525053,0.702817476455433,0.708191490134535,0.747118080135745,0.666578866409448,0.974972281007407,0.954452968303425,0.736943498121885,0.763846847329599,0.787183875784588,0.541914270127503,1.22328853291304,0.891854840897334,0.80292618610741,0.597931753479255,1.39781388650493]
SaccadeRandomization:[2,0,1,3,3,2,3,2,2,3,2,1,1,2,1,1,2,0,2,1,2,1,2,1,1,0,2,0,0,3,3,3,1,0,0,0,3,1,3,2,3,0,2,0,3,1,3,3,0,3,2,1,0,0,1,0,3,2,0,1,1,2,3,1,1,0,1,0,0,2,0,1,3,0,0,0,1,3,3,0,2,2,1,0,0,0,3,0,3,2,2,3,3,3,0,0,2,1,2,1,1,2,1,0,2,3,1,3,2,1,2,2,3,3,2,1,1,3,2,3,1,1,1,0,3,3,2,0,2,3,3,0,2,3,1,3,0,3,2,0,0,0,0,1,1,2,0,3,2,1,2,3,0,1,2,0,2,2,2,1,3,3,1,1,3,2,0,3,3,1,0,2,3,1,2,2,0,1,0,1,2,3,1,0,1,2,1,0,1,3,0,2,1,3,0,0,1,2,2,1,1,1,1,2,0,0,1,0,3,0,0,2,1,2,1,3,3,2,3,3,0,0,3,2,2,2,0,2,1,3,3,0,1,2,2,3,3,3,0,3]
cost:1
reward:0
reward_amount:[0.5,0.5,0.5,0.5,0.5,0.5,0.5,0.5,0.5,0.5,0.5,0.5,0.5,0.5,0.5,0.5,0.5,0.5,0.5,0.5,0.5,0.5,0.5,0.5,0.5,0.5,0.5,0.5,0.5,0.5,0.5,0.5,0.5,0.5,0.5,0.5,0.5,0.5,0.5,0.5,0.5,0.5,0.5,0.5,0.5,0.5,0.5,0.5,0.5,0.5,0.5,0.5,0.5,0.5,0.5,0.5,0.5,0.5,0.5,0.5,0.5,0.5,0.5,0.5,0.5,0.5,0.5,0.5,0.5,0.5,0.5,0.5]
