decision:1
size:0
numberOfTrials:12
numberOfBlocks:6
numberOfInstances:36
numberOfSaccadeTrials:60
numberOfSaccadeBlocks:4
cost_digits:[635829,4,5,9,367509,843579,534986,861904,709483,659410,480597,2,1,958672,6,5,934510,8,1,537812,145630,2,841923,547039,6,7,8,7,945283,632781,3,538692,806134,3,8,3,367528,926830,7,276315,723168,968572,194876,8,629834,6,1,6,8,9,1,6,8,174835,250789,324618,8,2,590421,350628,289103,8,895342,482601,3,9,2,502816,836045,6,9,780235]
instanceRandomization:[6,14,9,30,3,16,13,22,1,31,34,18,12,15,19,35,11,4,23,17,8,26,27,28,2,33,10,20,32,25,24,29,21,5,36,7,4,7,11,18,20,14,24,28,36,3,16,29,27,25,17,31,6,19,30,33,22,13,10,5,23,15,9,12,8,32,21,26,2,1,34,35]
ITI:[5,7,5,5,7,5,6,6,6,7,6,7,7,6,6,7,6,5,6,7,5,7,5,5,5,6,6,5,7,5,7,6,7,5,6,7,5,6,7,7,6,5,7,6,7,5,6,5,5,7,6,6,6,5,7,6,7,5,5,7,6,6,7,5,5,6,5,5,6,7,7,7]
SaccadeITI:[1.46690726230542,1.22467440037678,0.934642857375244,0.800604944319154,0.745391575122873,1.01472738847757,1.18693647344286,1.43275691146652,0.642013437316443,1.24847925660821,1.18388606651376,1.30757306000839,0.790633164780835,1.3362474199074,1.350004465521,0.901089346703763,1.05955418103064,0.636384771872933,1.42945141388724,0.8217454293898,0.705710069245348,0.627581910199175,0.886637318382661,0.602132578815023,0.919085060215245,0.956362404596681,0.668576235153402,0.729441588713477,1.02713883618514,1.20838696413363,1.40318231234948,1.08425740894551,0.873981810143838,0.600069036443407,0.647970496878649,1.20309172078657,1.30460835314977,1.05116676768909,1.3480271491843,0.52759299959677,1.19740583930785,0.790598323304827,0.68042696613508,0.690147677405427,1.20926495801347,1.16863781327071,1.43753401186938,1.31477339585933,0.74749756368498,1.29615823851588,1.13088645666527,1.03106405862297,0.536240391402195,1.06678855322922,1.50703792433875,0.82635044582809,0.650915296717236,0.800155232163767,0.76087550908948,1.26853649734209]
SaccadeRandomization:[0,3,2,0,0,3,1,1,3,2,3,1,0,0,2,1,2,2,1,3,3,0,3,0,2,0,0,1,1,2,1,2,0,0,3,0,1,2,2,2,3,3,1,3,3,0,1,3,2,3,1,1,1,0,1,2,0,2,3,2,1,0,2,1,0,1,1,2,1,2,1,2,3,1,3,3,3,2,2,2,1,2,3,0,1,2,0,3,0,1,1,2,3,3,0,0,0,2,3,0,3,2,0,0,1,1,3,3,3,3,2,0,0,0,2,1,3,0,2,1,0,3,3,2,2,1,0,1,1,2,3,2,1,3,3,0,3,2,1,0,2,2,1,0,3,2,0,1,1,3,0,3,2,2,3,2,3,1,2,0,0,1,1,0,0,3,2,3,3,1,0,0,1,0,0,2,1,1,3,2,0,2,1,0,3,3,1,1,2,2,0,0,2,1,2,3,1,2,2,0,1,1,0,0,2,3,0,1,3,2,1,1,2,3,3,0,3,3,2,3,1,2,3,0,0,3,0,0,1,1,0,2,1,2,3,3,3,1,2,0]
cost:1
reward:0
reward_amount:[0.5,0.5,0.5,0.5,0.5,0.5,0.5,0.5,0.5,0.5,0.5,0.5,0.5,0.5,0.5,0.5,0.5,0.5,0.5,0.5,0.5,0.5,0.5,0.5,0.5,0.5,0.5,0.5,0.5,0.5,0.5,0.5,0.5,0.5,0.5,0.5,0.5,0.5,0.5,0.5,0.5,0.5,0.5,0.5,0.5,0.5,0.5,0.5,0.5,0.5,0.5,0.5,0.5,0.5,0.5,0.5,0.5,0.5,0.5,0.5,0.5,0.5,0.5,0.5,0.5,0.5,0.5,0.5,0.5,0.5,0.5,0.5]
