decision:1
size:0
numberOfTrials:12
numberOfBlocks:6
numberOfInstances:36
numberOfSaccadeTrials:60
numberOfSaccadeBlocks:4
cost_digits:[1,3,324618,6,895342,6,534986,2,934510,502816,632781,537812,8,780235,6,8,7,480597,8,145630,9,289103,1,3,8,6,367528,194876,968572,8,629834,276315,8,6,945283,836045,9,958672,861904,9,2,841923,7,926830,482601,2,5,843579,635829,6,8,1,250789,1,174835,4,538692,547039,590421,723168,5,659410,3,8,367509,9,806134,3,2,350628,709483,7]
instanceRandomization:[12,5,33,3,9,1,13,21,11,26,25,17,10,35,31,28,20,34,22,8,30,23,16,7,27,19,4,24,14,15,36,18,6,29,32,2,25,15,22,34,18,27,33,7,12,26,35,16,6,2,4,23,30,17,19,14,29,28,10,20,9,31,24,36,3,32,21,8,13,5,1,11]
ITI:[5,5,7,5,6,6,7,7,5,6,7,6,5,5,5,6,7,6,7,5,6,6,7,7,6,6,6,5,7,5,6,5,7,5,7,7,5,5,5,7,5,6,7,6,6,7,7,6,7,7,6,6,7,5,6,7,6,5,5,5,6,5,6,5,7,5,6,7,5,7,7,6]
SaccadeITI:[0.6999604732031,0.98660387119744,0.81944800352212,0.675741170276888,1.20266840371769,1.29273594843689,1.01819682002533,0.722094174684025,0.976628688373603,1.27779024743941,0.823551511834375,1.45132605496328,0.53701597682666,1.16284861390013,0.790532899298705,1.18299737966154,1.12455665690359,0.589358459901996,0.982614276208915,1.39043845606502,0.53754172611516,1.04903573307674,1.26815830098931,0.744801298691891,0.631186255230568,1.30078910125885,1.33690046656411,0.569658945058472,0.878529937681742,1.37592489805538,1.39460571294185,1.41434760459233,0.981539321807213,0.652280674758367,0.631758062378503,1.15099694577511,1.10095814659726,0.852710603945888,1.10548788679298,1.2630886717001,1.09868342054542,1.32197326233145,0.8188391166972,0.99283242339734,1.05505318006035,0.922312459885143,1.2684266830096,0.626695468067191,0.98072251745034,0.905557675496675,1.42875183697324,0.509493755386211,1.1395899851108,0.781555566214956,0.853539972309954,1.14753146211151,1.42531553723384,0.804350519296713,1.29711856737267,0.674248210596852]
SaccadeRandomization:[2,0,0,0,0,2,1,2,3,2,1,2,0,0,0,1,3,1,2,0,0,1,3,2,2,2,3,3,1,2,3,0,2,1,1,1,2,3,3,2,0,1,1,3,0,3,3,1,3,1,0,0,0,3,1,3,3,2,1,2,1,0,0,2,3,1,2,1,2,3,1,3,1,2,1,1,2,1,3,2,1,3,2,2,3,0,2,3,1,0,0,2,3,0,3,0,0,0,0,1,2,3,3,1,3,3,0,0,3,2,3,1,0,2,0,1,2,1,0,2,2,0,2,1,1,2,0,3,3,1,1,3,3,0,0,2,3,0,3,2,2,1,0,1,1,0,2,2,0,0,1,3,2,2,1,3,1,1,1,2,2,2,3,3,2,0,3,3,1,0,3,0,1,0,0,1,3,3,0,2,0,3,1,0,3,3,1,2,3,1,2,1,2,1,0,2,1,0,0,2,0,3,2,3,2,3,1,3,2,0,1,3,0,3,3,2,2,1,2,0,1,2,0,0,0,1,3,1,0,3,0,3,1,2,2,0,2,1,3,1]
cost:1
reward:0
reward_amount:[0.5,0.5,0.5,0.5,0.5,0.5,0.5,0.5,0.5,0.5,0.5,0.5,0.5,0.5,0.5,0.5,0.5,0.5,0.5,0.5,0.5,0.5,0.5,0.5,0.5,0.5,0.5,0.5,0.5,0.5,0.5,0.5,0.5,0.5,0.5,0.5,0.5,0.5,0.5,0.5,0.5,0.5,0.5,0.5,0.5,0.5,0.5,0.5,0.5,0.5,0.5,0.5,0.5,0.5,0.5,0.5,0.5,0.5,0.5,0.5,0.5,0.5,0.5,0.5,0.5,0.5,0.5,0.5,0.5,0.5,0.5,0.5]
