decision:1
size:0
numberOfTrials:12
numberOfBlocks:6
numberOfInstances:36
numberOfSaccadeTrials:60
numberOfSaccadeBlocks:4
cost_digits:[8,934510,8,9,350628,367528,538692,6,367509,4,1,2,7,324618,806134,537812,836045,289103,861904,3,8,1,2,780235,194876,841923,926830,590421,6,632781,635829,2,6,9,5,9,480597,3,534986,174835,2,7,9,3,945283,6,1,8,968572,7,8,8,5,502816,6,547039,276315,659410,8,895342,1,843579,958672,6,482601,723168,629834,709483,3,250789,8,145630]
instanceRandomization:[15,11,28,34,5,4,29,19,3,14,12,18,20,33,21,17,2,23,22,8,36,16,13,35,24,27,7,10,31,25,6,26,1,32,9,30,34,5,13,19,21,11,25,24,32,3,17,6,14,33,4,22,35,26,2,28,18,31,10,9,23,16,15,29,12,20,36,1,7,30,27,8]
ITI:[5,7,6,5,7,6,6,5,5,6,7,7,7,7,5,6,7,6,5,5,5,7,6,6,6,7,6,6,7,6,5,7,5,5,7,5,7,5,6,7,5,7,5,6,6,7,6,5,6,7,7,6,5,6,5,7,7,5,6,5,7,5,6,6,7,6,5,5,5,7,7,6]
SaccadeITI:[0.730374033931487,1.4161273840776,0.884377623578378,1.26345950378648,1.14281163354948,1.10961296027138,1.25954251004926,1.16486608367025,1.1951302831488,1.01911266860164,0.959168774910116,1.29804482510857,1.36713242195159,1.11469939224965,1.2891369330658,0.95032024490259,0.625318703610295,0.4903703405483,1.20735225979782,0.58821961460247,1.34906582524612,0.584207992205241,1.21073147505134,1.43522450201757,0.748892583321625,0.860778294173845,0.553077476933443,0.644556721808234,0.956050489699313,1.2223609254191,1.43283374970391,0.527388633597487,1.42902825786344,0.531825400093415,0.736698421785453,1.00808282815463,1.18671063067935,1.2017833221665,1.13598156687416,1.18209282229266,0.714853443574005,0.653339641304531,0.516463302677342,0.669266925794848,1.20580484638534,0.555914068264731,1.40125261772967,1.24612074731461,0.531447558333942,1.28192492937281,1.28525523389302,1.29725862145036,1.21683730058915,1.15207459395363,0.549482530584404,1.31516161644443,0.602281925171458,0.826022487269559,0.961696752250039,1.00499074314333]
SaccadeRandomization:[1,2,1,2,0,2,2,1,3,2,1,2,1,1,3,2,0,3,3,2,3,3,0,2,1,0,0,0,3,3,0,3,0,1,1,1,0,2,0,0,0,2,1,3,3,2,2,1,2,3,1,1,0,1,3,3,3,2,0,0,2,2,0,2,3,3,0,2,2,1,1,3,0,1,2,0,2,3,0,1,2,1,3,3,0,0,3,0,2,2,2,0,0,3,0,0,3,2,1,1,1,1,1,2,2,0,3,1,0,1,1,3,1,0,1,3,3,3,2,3,0,1,2,1,3,1,1,2,3,0,1,3,2,3,0,1,0,2,0,2,2,0,0,3,3,3,2,3,1,1,2,1,2,2,3,1,0,0,0,2,3,0,1,1,1,2,3,0,2,2,3,0,1,3,1,2,3,0,3,0,0,0,2,0,3,3,0,0,2,3,1,1,3,1,1,2,1,2,0,2,0,2,3,1,0,1,0,2,1,0,3,2,3,1,3,1,0,0,2,1,2,3,2,1,3,3,3,2,0,2,0,1,3,3,2,1,0,3,2,1]
cost:1
reward:0
reward_amount:[0.5,0.5,0.5,0.5,0.5,0.5,0.5,0.5,0.5,0.5,0.5,0.5,0.5,0.5,0.5,0.5,0.5,0.5,0.5,0.5,0.5,0.5,0.5,0.5,0.5,0.5,0.5,0.5,0.5,0.5,0.5,0.5,0.5,0.5,0.5,0.5,0.5,0.5,0.5,0.5,0.5,0.5,0.5,0.5,0.5,0.5,0.5,0.5,0.5,0.5,0.5,0.5,0.5,0.5,0.5,0.5,0.5,0.5,0.5,0.5,0.5,0.5,0.5,0.5,0.5,0.5,0.5,0.5,0.5,0.5,0.5,0.5]
