decision:1
size:0
numberOfTrials:12
numberOfBlocks:6
numberOfInstances:36
numberOfSaccadeTrials:60
numberOfSaccadeBlocks:4
cost_digits:[709483,958672,8,4,8,3,502816,276315,5,8,194876,723168,806134,367509,9,1,5,174835,841923,3,2,6,324618,6,659410,3,537812,480597,843579,367528,7,861904,632781,1,9,8,2,836045,635829,289103,8,350628,9,968572,7,482601,9,6,945283,7,145630,590421,534986,8,6,8,895342,934510,250789,6,780235,3,8,6,629834,547039,2,1,926830,538692,2,1]
instanceRandomization:[1,15,10,14,36,5,26,18,9,28,24,20,21,3,32,23,35,19,27,7,13,29,33,2,31,8,17,34,16,4,11,22,25,12,30,6,21,2,6,23,22,5,25,14,20,12,34,31,32,33,8,10,13,4,19,27,9,11,30,1,35,24,15,3,36,28,18,16,7,29,26,17]
ITI:[7,7,7,6,5,5,6,5,5,7,6,6,6,6,5,7,6,7,7,5,5,7,5,6,6,7,6,6,7,6,7,5,5,7,5,5,5,5,5,6,7,7,7,5,7,6,6,6,7,6,7,5,5,6,7,5,5,7,6,6,5,6,7,6,7,6,5,6,7,5,5,7]
SaccadeITI:[0.710528277105186,0.593706154508982,1.49205752579728,1.40503417631844,0.585787286760751,0.910450045962352,1.53460152168991,0.629543286527041,1.4548948456184,0.690634530282114,0.592794808803592,0.931742679339368,0.97219443625072,0.616191082645673,0.582778773049358,1.0111701942631,1.0922318271012,0.869460562721361,0.971596953936387,0.670265945617575,0.75771045476431,0.694419901364017,1.23098653788911,0.707302011561114,0.684041050972883,0.815806698298547,0.624150405649561,0.559245756373275,1.23309953209246,0.739900050696451,1.28377428139793,1.29528153642314,1.49112293032231,1.48315591156716,1.18760798174189,1.02875381313497,1.1784572496661,0.750289537955541,0.676477691403125,0.699455668462906,0.872460020717699,1.45617412870051,0.870833860721905,1.34689238459105,0.89243860427523,0.576335304428358,1.07314979425864,0.711591470299754,1.19573188690702,1.30344354432309,1.40102919844212,1.2781142064021,1.45196964057395,1.32020838885801,0.636887456534896,1.2203699848731,1.12219365617493,1.42242293223972,1.31015737518901,1.09889224545332]
SaccadeRandomization:[3,2,0,0,1,0,3,3,0,0,2,3,2,3,2,2,1,1,2,3,3,2,2,0,2,0,3,2,1,3,1,2,1,1,3,0,1,1,3,1,1,1,0,0,0,1,1,1,0,2,0,3,3,0,2,3,3,2,2,0,1,1,3,0,1,0,3,1,3,3,3,1,3,1,0,2,1,3,3,2,0,1,2,2,3,2,2,2,0,2,2,2,0,1,0,3,1,3,0,0,3,0,2,0,2,0,1,1,2,0,2,1,2,3,0,1,0,1,3,3,0,3,3,1,0,0,3,0,0,3,1,0,0,2,2,2,3,3,1,0,3,2,1,2,2,2,1,0,1,3,3,0,2,2,0,1,3,0,0,1,1,0,1,3,3,2,3,1,1,2,1,1,3,2,2,2,1,0,2,3,1,3,3,1,2,2,3,2,0,0,2,3,1,0,3,3,0,1,3,0,1,1,1,0,3,1,2,2,3,0,1,0,2,3,0,1,0,0,2,0,0,1,3,2,0,1,3,0,2,2,2,1,2,3,1,1,3,2,2,3]
cost:1
reward:0
reward_amount:[0.5,0.5,0.5,0.5,0.5,0.5,0.5,0.5,0.5,0.5,0.5,0.5,0.5,0.5,0.5,0.5,0.5,0.5,0.5,0.5,0.5,0.5,0.5,0.5,0.5,0.5,0.5,0.5,0.5,0.5,0.5,0.5,0.5,0.5,0.5,0.5,0.5,0.5,0.5,0.5,0.5,0.5,0.5,0.5,0.5,0.5,0.5,0.5,0.5,0.5,0.5,0.5,0.5,0.5,0.5,0.5,0.5,0.5,0.5,0.5,0.5,0.5,0.5,0.5,0.5,0.5,0.5,0.5,0.5,0.5,0.5,0.5]
