decision:1
size:0
numberOfTrials:12
numberOfBlocks:6
numberOfInstances:36
numberOfSaccadeTrials:60
numberOfSaccadeBlocks:4
cost_digits:[2,8,6,2,6,723168,8,250789,2,3,8,958672,1,8,7,537812,6,5,194876,843579,547039,538692,968572,945283,8,934510,6,5,709483,480597,2,350628,482601,632781,145630,367528,289103,9,324618,836045,3,276315,861904,1,806134,6,502816,9,3,780235,6,895342,7,841923,8,174835,1,4,8,590421,635829,7,3,659410,534986,8,9,629834,9,367509,1,926830]
instanceRandomization:[26,36,3,21,2,20,6,30,13,7,10,15,23,22,33,17,31,35,24,16,28,29,14,32,27,11,19,9,1,34,18,5,12,25,8,4,23,30,33,2,24,18,22,17,21,1,26,25,8,35,29,9,20,27,28,19,16,14,4,10,6,11,5,31,13,15,32,36,34,3,12,7]
ITI:[6,7,6,5,6,7,5,6,7,7,5,5,5,6,5,6,7,7,7,6,7,5,6,5,7,7,6,7,6,7,5,6,6,5,5,5,6,5,7,5,5,6,6,6,5,7,7,7,7,7,7,6,6,5,6,6,5,5,5,7,5,6,6,5,7,7,7,5,6,7,5,6]
SaccadeITI:[0.848542504777045,0.659907754110948,1.1335602959812,1.43138471904288,1.07756900118742,0.722132792762325,1.2498492103264,0.547281464627789,0.870228410764442,1.4123271804497,1.09540763247836,0.575657242742212,0.609743621499122,0.983217920475484,0.733405724466623,1.51070132741782,0.963307589591326,0.87162829383354,0.729263837282391,1.47718316043805,1.00745522516857,0.880124974363328,0.915639771680192,1.28446033743288,0.749816452684657,0.753918135837497,1.47255930706936,0.723372833869265,0.889282746772127,1.27931889921504,1.31030278496522,0.674616917102442,1.09422990453507,0.544670215640993,1.21613705863322,1.19828246121372,0.824022199093209,0.93785106560293,1.24656309333708,1.28962090687904,0.887398675615744,1.37591775396916,0.518284444996001,0.790299102031471,1.42395558354522,1.14358682192008,0.993786702464179,0.573154444406585,0.528485589493842,0.648381603482024,1.49815374153744,1.34924483003172,1.19383265550326,0.97769105580713,0.526761168912829,0.97354338185008,0.918939644303949,1.28605500615279,1.33404687542546,1.2639359432001]
SaccadeRandomization:[1,2,3,3,1,2,2,1,3,2,0,1,1,0,1,0,0,1,3,0,3,0,2,2,3,3,2,3,3,2,1,2,1,2,3,0,1,2,3,0,3,1,0,2,1,2,0,0,0,3,0,3,0,0,1,1,2,1,3,2,3,2,3,2,3,0,1,3,2,1,1,2,0,1,2,0,0,3,0,2,1,0,1,1,3,0,3,3,2,3,1,3,1,2,2,0,3,2,3,0,2,2,1,0,2,0,1,3,0,0,2,0,1,3,0,1,1,3,1,2,0,0,3,0,0,1,0,3,3,0,0,1,1,3,2,1,1,0,1,2,3,2,1,2,2,0,0,3,0,0,2,3,2,3,1,2,1,3,3,3,3,2,1,1,1,0,0,2,2,0,3,1,3,3,2,2,1,2,1,2,2,1,1,0,1,2,3,3,0,3,2,2,3,0,0,0,0,0,3,0,3,2,1,0,1,3,1,2,1,2,3,1,3,3,2,2,3,1,1,2,0,1,1,1,0,3,1,0,3,2,2,0,2,2,1,2,3,0,0,3]
cost:1
reward:0
reward_amount:[0.5,0.5,0.5,0.5,0.5,0.5,0.5,0.5,0.5,0.5,0.5,0.5,0.5,0.5,0.5,0.5,0.5,0.5,0.5,0.5,0.5,0.5,0.5,0.5,0.5,0.5,0.5,0.5,0.5,0.5,0.5,0.5,0.5,0.5,0.5,0.5,0.5,0.5,0.5,0.5,0.5,0.5,0.5,0.5,0.5,0.5,0.5,0.5,0.5,0.5,0.5,0.5,0.5,0.5,0.5,0.5,0.5,0.5,0.5,0.5,0.5,0.5,0.5,0.5,0.5,0.5,0.5,0.5,0.5,0.5,0.5,0.5]
