decision:1
size:0
numberOfTrials:12
numberOfBlocks:6
numberOfInstances:36
numberOfSaccadeTrials:60
numberOfSaccadeBlocks:4
cost_digits:[6,2,2,4,5,836045,709483,7,276315,632781,6,590421,723168,8,480597,502816,780235,6,629834,3,367509,537812,8,843579,7,1,3,3,635829,945283,1,3,250789,958672,8,547039,350628,895342,6,5,538692,9,1,8,534986,8,194876,6,1,289103,482601,174835,8,806134,9,934510,2,841923,145630,926830,367528,968572,861904,659410,8,8,9,2,7,324618,9,6]
instanceRandomization:[19,21,13,14,9,2,1,33,18,25,29,10,20,4,34,26,35,31,36,8,3,17,27,16,11,12,5,24,6,32,23,7,30,15,22,28,5,9,3,35,29,30,17,10,13,15,24,2,16,23,12,19,28,21,32,11,18,27,8,7,4,14,22,31,6,36,34,26,20,33,25,1]
ITI:[5,6,6,7,7,5,7,6,5,6,7,5,5,5,5,6,5,6,7,7,6,7,6,7,5,5,7,5,6,6,6,7,6,5,7,7,6,5,7,7,6,6,5,5,6,7,7,5,5,5,7,7,6,7,6,6,5,5,7,6,7,6,6,7,6,5,7,5,7,6,5,5]
SaccadeITI:[1.41798607410165,0.622589356370736,0.627823910082225,1.17201765031787,1.01533692922676,1.50624752893345,1.18814338311786,1.50135001876624,1.34111764595145,0.599822915031109,0.875830231339205,0.855400265066419,0.82382057501236,1.13534421391087,0.604123977816198,1.18890170227969,0.826116913568694,1.11723462269874,0.881939805916045,0.697457704797853,0.920450484252069,1.0014655628358,1.49233165906044,1.03323338447371,0.740940923208836,1.42530209744582,1.31368414346362,1.10740262396866,0.670088854257483,1.26173586664954,1.18094306589337,0.921968072291929,0.581260093359742,0.795018229971174,0.932830056746025,1.45809726474108,1.27705620658817,1.08636988500366,1.01584594730521,0.703710128192324,0.89335703906836,0.709725455252919,0.611311215313617,0.542869165411685,1.27416022574762,0.900019015523139,1.45026466354029,0.838833855802659,0.625556941947434,1.39572211202467,1.35174157015281,0.618579151446465,0.987050516635645,1.42305594437057,1.09197470137151,1.44354873370612,0.700214348139707,0.928686022863258,0.643136038316879,0.651853309350554]
SaccadeRandomization:[3,1,3,2,0,0,3,3,0,3,2,1,0,1,3,3,1,0,2,3,2,2,1,1,0,3,2,1,0,1,0,3,3,0,2,3,1,2,2,2,2,2,2,0,0,0,1,1,0,3,3,1,3,1,2,0,1,2,0,1,2,0,0,1,3,1,0,2,2,1,0,1,2,0,1,0,0,3,3,2,0,0,1,0,0,3,1,2,3,1,0,2,1,1,3,2,1,3,3,0,0,3,1,2,3,2,2,2,1,3,2,3,1,3,1,0,3,2,2,3,0,3,2,3,1,3,3,0,3,2,3,3,0,1,0,2,2,0,1,1,2,1,2,0,1,3,2,1,1,3,2,2,3,0,0,0,1,2,2,1,3,1,3,0,2,1,0,1,1,2,2,3,0,0,3,0,2,3,0,1,0,2,0,3,0,1,1,1,3,3,1,1,1,0,1,2,0,0,1,0,0,0,1,2,2,0,2,0,1,2,1,1,2,0,2,0,3,2,2,0,3,3,3,3,3,1,3,0,3,1,2,2,3,2,2,3,3,3,2,1]
cost:1
reward:0
reward_amount:[0.5,0.5,0.5,0.5,0.5,0.5,0.5,0.5,0.5,0.5,0.5,0.5,0.5,0.5,0.5,0.5,0.5,0.5,0.5,0.5,0.5,0.5,0.5,0.5,0.5,0.5,0.5,0.5,0.5,0.5,0.5,0.5,0.5,0.5,0.5,0.5,0.5,0.5,0.5,0.5,0.5,0.5,0.5,0.5,0.5,0.5,0.5,0.5,0.5,0.5,0.5,0.5,0.5,0.5,0.5,0.5,0.5,0.5,0.5,0.5,0.5,0.5,0.5,0.5,0.5,0.5,0.5,0.5,0.5,0.5,0.5,0.5]
