decision:1
size:0
numberOfTrials:12
numberOfBlocks:6
numberOfInstances:36
numberOfSaccadeTrials:60
numberOfSaccadeBlocks:4
cost_digits:[945283,843579,780235,895342,9,635829,502816,194876,6,2,6,659410,2,8,632781,934510,8,4,629834,547039,2,6,6,926830,7,590421,1,8,480597,3,145630,289103,836045,8,7,1,806134,538692,9,534986,5,8,723168,8,958672,3,324618,367509,482601,7,3,8,276315,1,367528,9,6,861904,5,1,2,537812,709483,250789,841923,968572,9,8,6,350628,174835,3]
instanceRandomization:[32,16,35,9,30,6,26,24,3,13,19,31,18,4,25,11,15,14,36,28,21,29,1,7,20,10,17,27,34,5,8,23,2,22,33,12,21,29,25,13,9,28,20,36,15,7,33,3,12,11,24,6,18,16,4,32,31,22,35,23,26,17,1,30,27,14,34,10,2,5,19,8]
ITI:[5,5,5,5,6,6,6,7,7,7,7,6,6,7,6,6,7,5,7,5,5,7,5,6,5,6,6,7,5,5,7,6,6,7,7,5,6,6,7,5,6,6,7,5,7,5,5,7,6,7,6,5,6,7,7,6,5,5,5,7,7,7,7,5,6,6,7,5,6,6,5,5]
SaccadeITI:[0.609669722034596,1.52381497609895,0.53741328290198,1.51061475405004,0.616116527351551,1.51233132893685,0.540396554977633,1.12906307342928,1.2251522160368,1.04030559526291,1.52259256725665,0.842381056747399,0.551170905469917,1.25236597319599,0.545128892990761,0.564435038599186,1.461838123505,0.570761487702839,0.678141216863878,0.594165755319409,1.25756759301294,1.1881624822272,1.45356501440983,1.07539995841216,1.11948170617688,1.29909696558025,0.551916760974564,0.757004598737694,1.39181533909868,1.07887859351467,0.781021145987324,1.01608065806795,0.887801154400222,0.555210648220964,0.96508509980049,1.36514671018813,0.772964155185036,0.727590117719956,1.52144439227413,0.698551292414777,0.745346015202813,1.45215311867651,1.23643893294502,1.0570106516825,1.1435359796742,1.27328811690677,1.32489764865022,1.42938963032793,1.44547428621445,0.778152834973298,0.585467551485635,0.580779102980159,0.543327636900358,1.28457024681848,1.07813098246697,1.3276367316721,0.980924032744952,0.879486552323215,0.745352668338455,0.816993843880482]
SaccadeRandomization:[0,2,2,0,0,3,3,3,3,0,0,2,2,0,0,1,2,0,1,1,2,3,0,1,1,2,3,0,1,0,2,1,2,1,2,2,3,0,2,3,3,2,3,0,0,3,1,1,1,2,1,3,1,1,1,2,3,0,3,3,1,3,3,3,1,2,1,3,2,1,2,0,2,2,1,2,0,2,1,0,3,2,0,2,2,1,0,0,3,3,1,1,1,2,3,3,0,3,0,2,3,3,3,0,1,0,2,3,0,1,1,1,3,0,0,2,0,2,1,0,0,2,3,3,0,1,0,0,3,2,2,1,1,3,2,0,1,1,0,1,3,1,3,2,2,1,3,0,3,1,0,2,1,0,3,3,2,0,3,3,1,2,2,1,3,1,0,3,1,3,1,2,2,0,2,0,2,0,0,2,1,0,0,0,3,0,2,2,0,3,0,0,3,0,2,2,2,3,0,1,2,1,1,3,1,3,2,1,3,1,0,3,2,3,3,0,2,0,0,3,1,1,2,3,1,0,1,2,0,2,1,1,1,2,3,2,2,1,3,3]
cost:1
reward:0
reward_amount:[0.5,0.5,0.5,0.5,0.5,0.5,0.5,0.5,0.5,0.5,0.5,0.5,0.5,0.5,0.5,0.5,0.5,0.5,0.5,0.5,0.5,0.5,0.5,0.5,0.5,0.5,0.5,0.5,0.5,0.5,0.5,0.5,0.5,0.5,0.5,0.5,0.5,0.5,0.5,0.5,0.5,0.5,0.5,0.5,0.5,0.5,0.5,0.5,0.5,0.5,0.5,0.5,0.5,0.5,0.5,0.5,0.5,0.5,0.5,0.5,0.5,0.5,0.5,0.5,0.5,0.5,0.5,0.5,0.5,0.5,0.5,0.5]
