decision:1
size:0
numberOfTrials:12
numberOfBlocks:6
numberOfInstances:36
numberOfSaccadeTrials:60
numberOfSaccadeBlocks:4
cost_digits:[502816,145630,174835,6,482601,8,9,723168,968572,9,6,289103,629834,6,1,6,8,841923,806134,7,8,3,547039,324618,3,1,367509,9,590421,367528,5,5,9,534986,926830,276315,4,7,8,836045,8,7,2,8,895342,250789,3,934510,8,6,1,194876,780235,709483,2,635829,538692,861904,632781,843579,945283,6,3,1,480597,350628,2,8,659410,2,958672,537812]
instanceRandomization:[26,8,19,1,12,6,30,20,14,25,2,23,36,31,16,29,22,27,21,11,15,24,28,33,5,17,3,34,10,4,35,9,32,13,7,18,14,20,10,2,27,33,18,4,9,30,8,11,36,19,12,24,35,1,21,6,29,22,25,16,32,3,7,23,34,5,13,28,31,26,15,17]
ITI:[7,5,5,5,7,6,7,6,6,7,6,5,7,6,7,6,5,6,7,5,6,5,7,5,5,5,6,7,6,7,7,5,6,6,7,5,6,6,5,7,7,6,6,7,7,5,5,5,6,7,6,6,5,5,5,5,7,7,6,7,5,5,7,6,6,7,7,5,5,6,7,6]
SaccadeITI:[1.07489376625357,0.839754924814527,1.14469287445148,0.929737267487993,1.42425331094613,1.36268863704366,1.03344353608166,0.520369373898332,1.18205929587906,1.32807905826097,1.42209545609852,0.990293320671966,0.831124133833995,1.25853240460468,1.05682135856089,1.36875850491536,0.497281987390791,1.05745134054062,1.23979712900085,0.684166507500534,0.997105319456508,0.725210035623362,1.28824124269498,0.90345530322132,1.04892185091351,0.98155764786837,1.16753925050919,1.39598422118773,1.45211707002794,0.925015167969589,0.825152767527228,1.32139368931142,0.714527603409564,0.508002523736407,0.791704926344877,1.09840985148524,0.780701142440861,1.35508105362145,1.10686608071749,0.715881901731094,0.915202635045474,0.712709132519861,1.18072846548942,0.741258042802413,1.11040858894897,1.05535987711822,1.24363900156071,0.795011669568097,0.91733222285596,0.548416220055272,0.963660468983774,0.482140506555637,0.808550766374295,1.00892751890545,0.790590203537916,1.21856768166957,0.920864024835949,1.34172590093998,0.539687767097106,1.35605646710222]
SaccadeRandomization:[2,0,1,3,0,1,1,1,2,1,3,1,3,2,1,2,3,2,1,3,3,2,3,3,2,0,2,0,2,0,2,1,2,0,0,1,1,0,2,0,1,0,0,2,3,3,1,3,1,0,0,1,3,3,3,0,2,3,2,0,1,1,2,0,0,2,0,1,2,2,0,0,2,0,3,3,3,0,1,3,3,3,1,3,1,1,0,1,1,1,0,2,0,3,3,3,0,0,2,3,1,2,0,0,1,1,2,2,0,2,2,3,2,1,1,3,2,2,3,3,0,1,1,0,1,3,3,3,2,0,1,0,3,0,3,3,2,1,0,0,1,1,3,2,0,0,0,1,2,1,2,0,2,2,3,2,0,3,3,1,2,1,1,2,0,2,3,2,0,1,1,3,3,2,3,2,0,1,2,3,0,0,1,0,0,2,2,1,3,0,3,0,1,3,2,0,0,2,1,2,1,2,2,1,1,3,1,2,0,3,1,3,2,2,1,2,3,0,0,3,2,3,0,0,1,1,3,2,2,1,0,3,3,1,3,0,3,3,2,1]
cost:1
reward:0
reward_amount:[0.5,0.5,0.5,0.5,0.5,0.5,0.5,0.5,0.5,0.5,0.5,0.5,0.5,0.5,0.5,0.5,0.5,0.5,0.5,0.5,0.5,0.5,0.5,0.5,0.5,0.5,0.5,0.5,0.5,0.5,0.5,0.5,0.5,0.5,0.5,0.5,0.5,0.5,0.5,0.5,0.5,0.5,0.5,0.5,0.5,0.5,0.5,0.5,0.5,0.5,0.5,0.5,0.5,0.5,0.5,0.5,0.5,0.5,0.5,0.5,0.5,0.5,0.5,0.5,0.5,0.5,0.5,0.5,0.5,0.5,0.5,0.5]
