decision:1
size:0
numberOfTrials:12
numberOfBlocks:6
numberOfInstances:36
numberOfSaccadeTrials:60
numberOfSaccadeBlocks:4
cost_digits:[482601,8,8,2,3,6,6,861904,945283,723168,3,1,934510,2,3,7,895342,629834,502816,9,5,9,635829,4,8,350628,709483,841923,836045,8,1,537812,659410,806134,174835,632781,9,250789,367509,8,1,2,538692,590421,276315,5,926830,289103,6,968572,6,7,8,1,194876,6,3,8,9,480597,324618,145630,780235,7,2,6,843579,958672,534986,547039,8,367528]
instanceRandomization:[12,15,28,13,24,3,29,22,32,20,8,23,11,18,7,33,9,36,26,30,35,34,6,14,10,5,1,27,2,4,16,17,31,21,19,25,32,30,3,6,17,21,29,10,18,9,7,23,19,14,31,11,27,12,24,2,5,22,25,34,33,8,35,20,26,1,16,15,13,28,36,4]
ITI:[7,7,6,6,5,6,6,5,7,5,5,7,7,7,6,6,7,5,5,5,6,7,5,6,5,7,7,6,6,7,5,6,6,7,5,5,7,5,5,6,7,5,5,7,6,7,6,6,5,6,7,6,6,7,5,5,6,5,7,7,5,6,7,6,7,6,5,5,7,6,5,7]
SaccadeITI:[0.805547306845741,1.33991559438485,1.40809936944473,1.36955130060281,0.706168455370547,0.984135601502688,0.873514130544694,1.34532987775359,0.478253514339061,0.888924580366196,1.14519087348211,1.29272811447348,0.60399901966642,0.77181075613092,1.26079191157672,1.22495155043046,0.729943505321474,1.3694102967352,0.898033223646538,0.65760921111408,0.729373947550388,0.91416565219018,1.24375051266591,0.882737956308605,1.37366616825651,0.45199132670726,1.08270228148516,1.22332548100579,0.906750383852826,0.829426505668865,1.14220749779682,1.18108704366799,1.20276524226259,0.579284892250629,0.976463859966801,1.44278871158216,1.18173603789958,0.504514961103754,0.971503308574514,0.948746349961342,0.595799651062892,0.693099150267275,1.21512106393542,1.30542213895436,0.637921965048493,0.593348854520203,0.679197597616197,1.32763387641947,1.259775130377,1.34219017026092,1.41512588022354,0.681444401453094,0.5960535323907,1.06724567135874,1.10859698715697,0.900803914359616,1.17935321416783,1.40094848705533,1.19555298664685,0.882469012235136]
SaccadeRandomization:[1,2,0,2,3,1,0,0,3,3,2,1,1,0,1,3,3,0,0,2,1,3,0,1,0,1,3,0,0,3,3,2,3,1,1,3,2,1,2,2,1,2,2,0,2,2,1,2,0,2,3,1,0,0,3,0,1,3,3,2,3,2,0,3,1,1,3,1,3,1,2,3,3,0,2,1,0,3,3,0,0,0,0,1,2,3,0,1,3,1,2,2,0,0,1,0,2,3,0,1,3,1,3,1,0,3,2,0,2,2,1,2,2,1,2,2,2,1,0,3,3,1,2,1,2,0,3,1,2,3,3,0,0,1,1,2,2,0,1,3,3,3,3,3,0,2,3,1,0,1,1,1,2,3,1,2,2,2,0,2,1,0,2,1,2,0,0,0,3,0,0,3,2,0,2,3,1,0,3,1,2,1,3,1,2,2,3,3,3,0,0,3,1,0,1,1,3,0,0,2,1,2,0,0,2,0,3,1,3,2,3,2,1,0,2,1,3,0,1,2,3,0,3,1,2,2,0,2,0,1,3,2,3,3,2,1,1,0,1,0]
cost:1
reward:0
reward_amount:[0.5,0.5,0.5,0.5,0.5,0.5,0.5,0.5,0.5,0.5,0.5,0.5,0.5,0.5,0.5,0.5,0.5,0.5,0.5,0.5,0.5,0.5,0.5,0.5,0.5,0.5,0.5,0.5,0.5,0.5,0.5,0.5,0.5,0.5,0.5,0.5,0.5,0.5,0.5,0.5,0.5,0.5,0.5,0.5,0.5,0.5,0.5,0.5,0.5,0.5,0.5,0.5,0.5,0.5,0.5,0.5,0.5,0.5,0.5,0.5,0.5,0.5,0.5,0.5,0.5,0.5,0.5,0.5,0.5,0.5,0.5,0.5]
