decision:1
size:0
numberOfTrials:12
numberOfBlocks:6
numberOfInstances:36
numberOfSaccadeTrials:60
numberOfSaccadeBlocks:4
cost_digits:[1,537812,367528,6,3,968572,8,480597,1,8,635829,780235,2,723168,367509,629834,9,1,8,250789,2,5,6,2,945283,8,841923,324618,806134,3,6,926830,659410,6,934510,194876,2,9,8,836045,534986,843579,174835,709483,861904,7,502816,6,482601,8,6,958672,9,4,276315,5,3,8,632781,1,547039,7,8,350628,289103,9,590421,538692,3,7,895342,145630]
instanceRandomization:[12,17,4,29,8,14,22,34,16,15,6,35,13,20,3,36,25,23,28,30,18,9,1,26,32,10,27,33,21,5,19,7,31,2,11,24,21,34,4,2,13,16,19,1,22,20,26,31,12,36,3,15,32,14,18,35,7,6,25,17,28,33,27,5,23,30,10,29,24,11,9,8]
ITI:[7,5,7,7,7,6,6,5,6,5,5,6,5,5,7,6,6,5,6,5,7,7,6,7,6,6,6,6,5,5,7,7,7,5,7,5,7,6,7,7,7,6,6,5,6,5,5,5,5,7,6,5,5,6,5,7,6,6,7,7,7,7,5,5,7,5,5,7,6,6,6,6]
SaccadeITI:[1.00389118285384,0.807750308909454,1.17264744269196,1.1143742809305,1.28793875549454,1.40530195648316,1.097422882705,0.8081133966567,0.456811955920421,1.19831267909613,1.39469282540958,1.23109255221207,1.23513396296185,1.28840853578877,1.4501207876252,1.22041696871165,1.3169997029705,1.38653274069075,1.30784498692956,0.68461398689542,1.43953598479275,0.514677815162577,1.31095087996218,1.05729810546618,0.467332163150422,0.641735914885067,0.908717177133076,1.35016966031399,0.909174816473387,1.14690641409252,1.13730797616299,1.12903073874768,0.595742073399015,1.43926689007785,1.17058012939524,1.03897881580051,0.886307012545876,0.693775702291168,0.514469088078477,0.785180583153851,1.43951715531293,1.3260910657933,0.819089701655321,1.23423869002145,1.05542592613492,0.75075047116261,0.728842563251965,1.31344551199581,0.951985301938839,0.707826464460231,0.726986967516132,1.0230667805532,0.540043173148297,0.660416321619414,0.472616032022052,0.878080273536034,1.37472089638468,0.89730015329551,0.48870050443802,0.605296212737449]
SaccadeRandomization:[0,3,1,2,1,1,2,3,3,2,1,0,3,1,0,3,3,1,1,0,1,1,2,3,0,3,0,0,3,2,2,0,0,2,2,3,1,3,2,0,1,0,3,1,2,2,1,0,0,2,2,0,3,3,2,2,1,1,0,3,2,2,3,0,0,0,3,3,0,1,0,1,2,3,0,2,2,2,3,1,1,1,0,1,1,3,3,1,1,1,3,3,2,2,2,2,0,2,1,0,1,3,0,2,3,2,3,1,0,3,2,0,3,0,3,2,0,1,1,0,0,1,0,3,2,1,0,2,0,1,3,0,0,3,3,2,1,1,2,0,2,1,1,3,2,2,0,3,0,2,0,3,0,2,1,1,3,0,2,0,3,1,1,1,1,1,2,3,2,2,0,3,2,0,3,3,3,2,1,3,1,2,3,2,1,0,1,3,1,0,2,3,1,1,2,3,0,3,2,1,2,3,0,0,1,0,1,2,2,0,1,3,2,3,0,2,0,1,3,0,1,3,3,2,3,0,2,0,3,2,1,1,2,2,1,3,0,3,0,0]
cost:1
reward:0
reward_amount:[0.5,0.5,0.5,0.5,0.5,0.5,0.5,0.5,0.5,0.5,0.5,0.5,0.5,0.5,0.5,0.5,0.5,0.5,0.5,0.5,0.5,0.5,0.5,0.5,0.5,0.5,0.5,0.5,0.5,0.5,0.5,0.5,0.5,0.5,0.5,0.5,0.5,0.5,0.5,0.5,0.5,0.5,0.5,0.5,0.5,0.5,0.5,0.5,0.5,0.5,0.5,0.5,0.5,0.5,0.5,0.5,0.5,0.5,0.5,0.5,0.5,0.5,0.5,0.5,0.5,0.5,0.5,0.5,0.5,0.5,0.5,0.5]
