decision:1
size:0
numberOfTrials:12
numberOfBlocks:6
numberOfInstances:36
numberOfSaccadeTrials:60
numberOfSaccadeBlocks:4
cost_digits:[934510,3,2,480597,8,5,806134,7,1,6,8,780235,8,659410,8,3,968572,3,632781,250789,1,723168,538692,289103,836045,547039,367509,8,534986,629834,6,502816,367528,9,1,3,841923,843579,926830,2,9,958672,7,6,590421,945283,6,2,8,8,8,145630,194876,6,709483,895342,276315,7,2,9,4,174835,1,861904,5,9,482601,6,350628,537812,324618,635829]
instanceRandomization:[11,8,18,34,27,9,21,33,17,19,22,35,6,31,10,7,14,5,25,30,16,20,29,23,2,28,3,15,13,36,1,26,4,32,12,24,27,16,7,13,25,15,20,31,10,32,2,21,36,4,28,8,24,3,1,9,18,11,26,30,14,19,23,22,35,34,12,29,5,17,33,6]
ITI:[6,6,7,5,6,5,7,5,6,7,7,5,6,7,5,7,5,7,6,6,7,6,5,5,7,6,7,6,5,7,7,5,6,5,6,5,6,6,7,7,5,5,6,6,7,5,5,7,6,7,7,6,6,5,5,7,5,7,6,5,7,7,6,5,6,5,7,5,7,6,6,5]
SaccadeITI:[0.682836837783301,1.34087231005154,1.14265629597552,1.32314229006491,1.41780819436147,0.794428746864045,0.587227734919482,0.594829791640708,0.566010036455312,1.07128245122343,1.05939834699578,1.4595753382387,0.718937257720002,0.52063781413793,0.558547922825286,1.23848883779331,1.10922772897951,1.33817095839962,1.12733049755528,0.527464242135951,1.23947540898419,1.35627377167887,0.785188458343813,1.4113293070773,1.21329484199717,0.911441446464354,0.626882506949672,1.41301284585691,1.45566927892699,1.1478900997395,0.564399112896839,1.29297490133516,0.657550021955588,0.671476787371406,1.0358446987307,0.826671422641569,1.41437856684982,1.15408648708447,0.478724874272787,1.03492554504968,1.29994471063449,0.561564182579362,1.23008063407227,1.43982165976971,1.29602537392251,1.03690282250366,1.07215732959642,0.636054654089579,0.690015488719413,0.508616104904407,0.852574899975055,1.39139068075068,1.00699930353633,0.794973165910536,0.599159615296715,0.655812655757958,1.44311264897309,1.24462016620285,1.03320228932037,1.33660759515672]
SaccadeRandomization:[2,3,2,3,2,3,1,3,0,3,1,2,2,1,1,0,3,3,1,3,2,0,1,3,1,1,3,0,0,1,0,2,1,0,3,0,0,0,2,3,0,0,2,2,3,0,1,2,2,2,1,2,3,1,1,2,0,1,0,3,1,1,0,3,1,2,3,3,3,1,3,2,0,0,3,1,2,1,0,0,2,2,1,0,2,2,0,0,1,0,0,0,1,1,2,3,3,1,2,1,3,3,1,3,2,3,0,0,2,1,3,2,3,2,0,3,0,1,2,2,2,0,0,2,3,1,1,3,1,1,0,1,2,2,3,1,3,2,3,3,1,2,0,0,1,1,1,3,2,2,3,0,0,2,0,2,2,1,3,3,0,2,3,1,0,1,0,0,2,2,2,3,0,3,1,0,3,0,1,3,1,0,0,0,2,1,1,0,3,0,3,1,2,3,1,2,3,1,0,2,2,1,0,1,3,3,3,2,0,2,2,3,1,2,2,1,1,2,0,0,2,0,0,3,0,2,3,1,1,3,2,0,3,3,3,2,3,1,0,1]
cost:1
reward:0
reward_amount:[0.5,0.5,0.5,0.5,0.5,0.5,0.5,0.5,0.5,0.5,0.5,0.5,0.5,0.5,0.5,0.5,0.5,0.5,0.5,0.5,0.5,0.5,0.5,0.5,0.5,0.5,0.5,0.5,0.5,0.5,0.5,0.5,0.5,0.5,0.5,0.5,0.5,0.5,0.5,0.5,0.5,0.5,0.5,0.5,0.5,0.5,0.5,0.5,0.5,0.5,0.5,0.5,0.5,0.5,0.5,0.5,0.5,0.5,0.5,0.5,0.5,0.5,0.5,0.5,0.5,0.5,0.5,0.5,0.5,0.5,0.5,0.5]
