decision:1
size:0
numberOfTrials:12
numberOfBlocks:6
numberOfInstances:36
numberOfSaccadeTrials:60
numberOfSaccadeBlocks:4
cost_digits:[482601,194876,8,895342,6,8,8,7,9,926830,6,6,945283,632781,1,861904,1,538692,276315,367528,968572,174835,3,806134,780235,934510,1,635829,2,3,8,6,480597,723168,2,8,547039,537812,324618,7,145630,534986,1,9,9,250789,841923,8,367509,502816,6,836045,709483,9,7,8,3,659410,6,289103,843579,8,2,3,5,590421,4,5,350628,629834,2,958672]
instanceRandomization:[12,24,10,9,31,15,27,33,30,7,3,1,32,25,17,22,23,29,18,4,14,19,5,21,35,11,16,6,13,8,28,2,34,20,26,36,28,17,33,11,8,13,12,34,25,30,27,22,3,26,19,2,1,32,20,4,24,31,29,23,16,6,21,7,35,10,14,9,5,36,18,15]
ITI:[5,6,7,7,7,6,6,6,7,5,5,5,5,7,6,7,5,6,5,6,5,7,7,6,6,6,7,7,6,5,5,7,6,5,7,5,7,6,5,5,6,7,6,5,5,6,7,7,6,7,5,5,5,5,6,6,7,7,7,6,5,6,7,7,6,6,6,7,7,5,5,5]
SaccadeITI:[1.48544182567857,1.46628676108085,0.621755636390299,1.30932270977646,0.604707838129252,1.49333365503699,0.609371952805668,1.35504248072393,1.10505959261209,1.21781139504164,1.14937956477515,1.03242567516863,1.35089798304252,1.4114459968172,0.732650025375187,0.731500349100679,0.609009690443054,0.828702197736129,0.679285812517628,1.13169975774363,0.900960786594078,0.854293184913695,0.984471258800477,1.53285475969315,1.39084433238022,0.891632405202836,0.568942844262347,0.704076568223536,0.568839500518516,1.14689901177771,1.3350025637541,1.01632107500918,0.984009183570743,1.32518122750334,1.545987971453,0.783077861275524,1.19054008284584,0.586701027210802,0.807060635508969,0.585828013345599,1.51168434168212,0.896328133391216,1.2707518375013,1.47484828704037,1.33631495698355,0.90463552470319,0.687871248321608,0.730380319152027,0.649294467503205,1.06855361312628,0.896852489886805,1.04216853794642,0.7972233296372,1.27753663188778,0.959315751073882,1.11544120972976,0.751244036341086,0.570521954540163,0.596011780295521,0.834366355417296]
SaccadeRandomization:[0,3,1,2,1,3,2,1,2,3,2,3,3,0,0,3,3,0,0,3,1,2,2,0,2,1,1,0,3,1,3,3,3,1,2,2,0,0,2,0,2,1,3,0,0,1,0,1,1,0,3,2,0,2,2,2,1,3,1,1,3,1,2,2,0,2,0,3,3,3,1,1,1,1,2,3,1,1,0,0,0,0,1,1,3,2,2,2,2,3,0,1,0,0,3,1,2,3,3,2,0,1,0,1,2,0,2,2,0,1,3,2,3,0,1,2,3,3,3,0,0,1,3,2,0,3,3,2,1,3,0,0,1,3,0,0,2,1,1,0,1,3,2,1,2,0,0,2,3,3,1,1,0,1,3,2,1,1,2,2,3,3,2,1,3,2,1,0,1,2,3,2,3,2,0,0,0,0,3,2,1,3,3,1,2,2,2,1,3,3,0,2,3,0,3,3,3,2,3,3,2,0,1,0,1,0,0,0,0,3,2,1,0,3,2,1,1,0,2,2,2,3,1,0,1,0,2,0,1,1,0,3,1,1,1,2,2,0,3,2]
cost:1
reward:0
reward_amount:[0.5,0.5,0.5,0.5,0.5,0.5,0.5,0.5,0.5,0.5,0.5,0.5,0.5,0.5,0.5,0.5,0.5,0.5,0.5,0.5,0.5,0.5,0.5,0.5,0.5,0.5,0.5,0.5,0.5,0.5,0.5,0.5,0.5,0.5,0.5,0.5,0.5,0.5,0.5,0.5,0.5,0.5,0.5,0.5,0.5,0.5,0.5,0.5,0.5,0.5,0.5,0.5,0.5,0.5,0.5,0.5,0.5,0.5,0.5,0.5,0.5,0.5,0.5,0.5,0.5,0.5,0.5,0.5,0.5,0.5,0.5,0.5]
