decision:1
size:0
numberOfTrials:12
numberOfBlocks:6
numberOfInstances:36
numberOfSaccadeTrials:60
numberOfSaccadeBlocks:4
cost_digits:[1,324618,843579,2,934510,5,482601,3,2,6,926830,659410,723168,194876,2,8,3,780235,861904,6,635829,480597,4,945283,8,547039,836045,9,367528,590421,8,2,1,9,367509,6,9,3,8,8,958672,534986,350628,8,3,1,629834,806134,502816,8,5,709483,7,9,174835,250789,276315,841923,7,538692,895342,7,8,632781,145630,6,6,6,289103,1,968572,537812]
instanceRandomization:[17,33,16,21,11,9,12,8,26,29,7,31,20,24,18,36,5,35,22,19,6,34,14,32,27,28,2,25,4,10,15,13,23,30,3,1,34,24,28,10,15,13,5,4,7,12,36,21,26,22,35,1,20,32,19,30,18,27,11,29,9,33,6,25,8,2,31,3,23,16,14,17]
ITI:[6,6,7,5,7,7,6,5,6,7,5,5,7,5,7,5,6,6,5,7,7,5,6,6,5,6,6,6,5,7,5,5,6,7,7,7,6,7,5,6,5,7,7,7,5,6,5,6,6,7,7,6,7,7,6,5,5,6,5,5,7,7,7,6,5,6,5,5,5,7,6,6]
SaccadeITI:[1.06580190083478,1.263191741216,1.06964553475846,1.15700269818772,0.92895415474195,1.31998007630464,0.970529409614392,1.03364753259812,1.08484529589769,0.553825343749486,1.17358964660671,0.672946742293425,0.917287677084096,1.28942030717153,1.25510680235457,0.89231382382568,0.842861223057844,1.04626808643807,0.654975609644316,1.40209276301321,0.79108284811955,1.44118753264193,1.18523550222162,1.20772656404879,0.749250697460957,0.990375589835458,0.852160492702387,1.08074608680327,1.39790134646464,1.21003844894003,0.637189263268374,0.606638208054938,0.833568480354734,0.773927186871879,0.619348199130036,0.880801388551481,1.10621679925825,0.80339562848676,1.15279498209711,0.93328625804279,0.742854784731753,1.16077163305599,1.02593980126549,0.845262640179135,0.785742441914044,0.928247147495858,1.2366386358859,1.15042454332579,1.13145496721845,0.819348722952418,0.548749288101681,0.942253907001577,1.33186968208756,1.19925185458269,1.19298435819801,0.797884746012278,1.24639310201164,1.08296376306098,1.1514502156293,0.832355892541818]
SaccadeRandomization:[1,0,2,1,1,0,1,2,0,0,3,3,3,3,2,0,3,1,0,2,0,1,0,3,3,2,0,2,0,2,0,3,2,1,3,2,3,0,3,1,2,1,1,1,3,0,0,1,1,2,2,0,2,3,3,2,3,1,1,2,2,2,0,2,1,2,0,1,1,0,3,2,2,3,1,3,3,2,2,2,1,1,1,1,1,1,0,1,1,3,0,3,2,2,2,0,2,3,0,3,0,0,3,3,1,1,3,3,2,0,3,0,0,0,0,3,3,2,1,0,1,2,2,1,3,2,3,2,1,1,0,1,3,3,1,1,1,2,3,0,1,1,2,3,0,1,0,1,2,0,2,2,3,1,3,0,2,0,3,0,0,3,1,0,0,3,0,1,3,2,2,2,2,0,3,2,3,0,3,0,2,3,1,3,1,3,0,1,2,0,0,1,1,1,3,1,3,2,2,2,2,3,2,1,0,0,1,0,1,2,0,3,1,3,2,3,2,1,0,2,3,3,0,2,3,1,3,0,0,2,3,1,3,2,1,2,0,0,0,0]
cost:1
reward:0
reward_amount:[0.5,0.5,0.5,0.5,0.5,0.5,0.5,0.5,0.5,0.5,0.5,0.5,0.5,0.5,0.5,0.5,0.5,0.5,0.5,0.5,0.5,0.5,0.5,0.5,0.5,0.5,0.5,0.5,0.5,0.5,0.5,0.5,0.5,0.5,0.5,0.5,0.5,0.5,0.5,0.5,0.5,0.5,0.5,0.5,0.5,0.5,0.5,0.5,0.5,0.5,0.5,0.5,0.5,0.5,0.5,0.5,0.5,0.5,0.5,0.5,0.5,0.5,0.5,0.5,0.5,0.5,0.5,0.5,0.5,0.5,0.5,0.5]
