decision:1
size:0
numberOfTrials:12
numberOfBlocks:6
numberOfInstances:36
numberOfSaccadeTrials:60
numberOfSaccadeBlocks:4
cost_digits:[1,861904,8,2,7,841923,534986,806134,659410,194876,145630,6,250789,895342,538692,8,8,7,3,482601,8,934510,3,8,6,537812,9,958672,276315,9,367509,5,968572,632781,1,6,174835,843579,1,289103,324618,3,8,6,367528,502816,2,6,6,629834,590421,723168,350628,1,945283,4,3,635829,9,480597,9,2,5,836045,780235,926830,8,709483,7,547039,2,8]
instanceRandomization:[16,22,10,26,20,27,13,21,31,24,8,1,30,9,29,6,36,33,5,12,28,11,7,4,19,17,34,15,18,32,3,35,14,25,23,2,19,16,12,23,33,8,22,29,4,26,21,31,3,36,10,20,5,17,32,14,24,6,30,34,25,13,9,2,35,7,15,1,11,28,18,27]
ITI:[6,5,5,5,7,5,6,7,6,6,7,7,5,7,5,7,6,6,5,5,7,6,6,7,5,6,7,5,6,5,7,6,5,7,6,7,6,5,7,6,7,7,5,7,5,5,6,6,5,6,5,7,7,6,7,7,5,6,6,5,6,5,7,6,7,7,6,5,5,5,7,6]
SaccadeITI:[0.698892343180099,1.17834376971781,0.818008536329338,1.16491492078252,0.889543203027764,0.504356425111958,1.33471060390196,0.968021345181235,1.38210581717625,1.25222935583054,0.966005458585763,1.29331442257001,1.38562696226484,1.17842055540144,1.20934506118841,0.818481349941188,1.44009350295722,1.25533057688347,0.984653977067986,0.55072005148589,0.879488401204192,0.870362350573608,1.18577094059049,0.819393893094578,1.18038337430529,1.06862948657557,0.794271936496564,1.22190206064455,0.806735984138989,1.09642279925368,1.03537600077301,0.911641222746888,1.42963541587427,1.23619839977085,1.15843299505844,0.461407175144025,1.19595449892416,0.919731477597573,1.29231455139428,1.28293915637381,1.13452771990172,1.09235985772296,1.04187122950874,0.476257843753168,0.845429504845136,0.833844656213963,1.41501632202029,1.12548774396613,0.651683351347068,0.577086758889103,0.524159113034451,0.778229877209136,0.558867519112149,0.695028842981749,0.759476655484953,0.502936727922255,1.18053607279047,1.10105210784435,1.31294906008601,1.27308867624573]
SaccadeRandomization:[3,2,2,2,2,0,3,3,1,3,1,3,0,1,2,1,3,1,0,3,2,1,1,0,1,0,0,3,2,2,0,1,2,3,3,2,0,1,0,2,1,2,0,3,2,3,0,3,1,3,1,2,0,1,0,0,0,1,2,3,2,2,2,0,3,1,3,1,2,3,1,3,2,3,2,3,0,1,1,0,2,3,0,0,1,3,0,1,0,0,2,1,3,3,1,2,3,2,3,1,1,0,0,2,0,1,0,2,3,2,1,1,3,3,1,0,2,0,2,0,3,0,0,1,1,2,3,1,3,2,1,0,0,1,2,2,2,3,1,2,1,3,3,2,2,3,1,0,0,3,2,3,0,2,3,1,0,1,3,3,2,1,2,3,0,1,0,2,2,0,0,1,0,1,3,0,2,3,0,1,1,2,1,3,2,0,1,3,2,3,2,3,2,3,3,0,3,2,0,2,2,0,2,2,1,0,2,1,0,1,3,0,1,0,2,1,0,1,3,2,3,1,1,3,3,1,0,0,0,0,0,3,2,2,1,0,3,3,1,1]
cost:1
reward:0
reward_amount:[0.5,0.5,0.5,0.5,0.5,0.5,0.5,0.5,0.5,0.5,0.5,0.5,0.5,0.5,0.5,0.5,0.5,0.5,0.5,0.5,0.5,0.5,0.5,0.5,0.5,0.5,0.5,0.5,0.5,0.5,0.5,0.5,0.5,0.5,0.5,0.5,0.5,0.5,0.5,0.5,0.5,0.5,0.5,0.5,0.5,0.5,0.5,0.5,0.5,0.5,0.5,0.5,0.5,0.5,0.5,0.5,0.5,0.5,0.5,0.5,0.5,0.5,0.5,0.5,0.5,0.5,0.5,0.5,0.5,0.5,0.5,0.5]
