decision:1
size:0
numberOfTrials:12
numberOfBlocks:6
numberOfInstances:36
numberOfSaccadeTrials:60
numberOfSaccadeBlocks:4
cost_digits:[250789,2,482601,861904,1,632781,1,841923,723168,709483,6,367509,2,926830,3,480597,629834,843579,4,367528,194876,350628,8,590421,958672,5,2,174835,7,6,9,8,6,5,2,7,8,537812,9,3,9,324618,3,836045,502816,547039,7,6,8,9,6,8,276315,145630,6,8,8,659410,1,635829,934510,780235,895342,3,945283,968572,1,8,534986,289103,806134,538692]
instanceRandomization:[30,13,12,22,17,25,23,27,20,1,31,3,26,7,8,34,36,16,14,4,24,5,28,10,15,9,21,19,33,2,32,6,29,35,18,11,10,17,30,24,25,33,5,2,26,28,20,1,4,34,19,15,18,8,3,36,27,31,16,6,11,35,9,7,32,14,12,22,13,23,21,29]
ITI:[7,6,6,7,5,5,5,6,7,6,7,5,7,5,5,6,5,7,6,6,7,5,6,7,7,6,5,7,7,7,5,6,5,5,6,6,5,6,5,6,5,5,7,7,6,7,6,7,7,5,7,6,7,5,6,6,7,5,5,6,5,7,5,6,5,6,6,7,7,7,6,5]
SaccadeITI:[0.685000982981486,0.619714189701093,0.986230077369449,0.678843555886609,0.688969547542122,0.986528096635205,1.3948689544651,1.29240583503464,1.09485601648533,1.33670702172288,0.876858325822589,0.700359661978049,0.853906849313838,0.647753359897373,1.08497883021676,1.2922288741994,0.843721393177596,0.88189154342593,0.791007651163576,1.4993478978596,1.46492561037497,1.47854049821229,1.03382354919643,1.09786705687487,1.41460640766503,1.05173405996369,0.983062737768826,0.664966865822983,1.05236516279013,1.1522973714474,0.887215992350442,0.912012273127524,1.45876497790062,1.18756221179695,0.724931386679721,1.19833435994418,1.00769870626585,1.30631640707919,0.640516561370653,1.03249369203889,1.36136137732149,0.918974661648584,0.858851423401696,1.44417949524553,1.30623868122542,1.2130425476081,0.771526258586285,0.513536215441612,0.54977843319842,0.556009618247238,1.05056983410226,1.39533694568866,1.40696370453419,0.512394769730357,0.708474520042849,0.547427969899339,0.610120981613484,1.3270410333372,0.845063176619199,1.11689379895882]
SaccadeRandomization:[0,3,0,0,2,0,0,1,2,1,1,1,3,3,1,1,3,2,3,3,0,0,1,3,1,1,2,2,2,2,1,3,0,3,2,1,1,0,3,3,1,0,2,0,2,0,2,3,0,0,1,3,0,2,2,2,3,2,3,1,3,3,0,2,2,3,0,3,2,2,1,3,1,2,3,3,0,2,1,0,0,0,3,0,1,0,1,0,3,1,0,2,1,1,3,1,2,2,3,0,2,3,2,1,0,3,2,0,1,0,3,1,0,2,1,1,1,2,2,3,1,1,2,3,3,1,2,0,0,1,3,1,2,0,2,2,3,3,1,2,1,0,3,3,1,1,2,0,2,2,0,3,3,2,1,0,2,1,0,0,1,3,0,1,3,3,3,2,2,0,0,0,1,0,2,2,1,3,3,0,2,2,0,3,2,2,3,1,1,0,3,3,2,0,0,1,3,1,2,2,2,2,1,1,1,3,3,2,0,1,2,3,0,3,0,0,0,2,0,3,0,1,0,3,1,1,1,3,0,0,2,2,1,1,3,3,1,0,2,3]
cost:1
reward:0
reward_amount:[0.5,0.5,0.5,0.5,0.5,0.5,0.5,0.5,0.5,0.5,0.5,0.5,0.5,0.5,0.5,0.5,0.5,0.5,0.5,0.5,0.5,0.5,0.5,0.5,0.5,0.5,0.5,0.5,0.5,0.5,0.5,0.5,0.5,0.5,0.5,0.5,0.5,0.5,0.5,0.5,0.5,0.5,0.5,0.5,0.5,0.5,0.5,0.5,0.5,0.5,0.5,0.5,0.5,0.5,0.5,0.5,0.5,0.5,0.5,0.5,0.5,0.5,0.5,0.5,0.5,0.5,0.5,0.5,0.5,0.5,0.5,0.5]
