decision:1
size:0
numberOfTrials:12
numberOfBlocks:6
numberOfInstances:36
numberOfSaccadeTrials:60
numberOfSaccadeBlocks:4
cost_digits:[8,367528,1,632781,9,4,324618,6,1,806134,3,659410,6,7,723168,174835,289103,635829,6,2,780235,8,547039,2,3,590421,350628,8,250789,145630,6,5,9,276315,482601,958672,968572,1,709483,502816,537812,5,7,841923,7,836045,3,926830,538692,8,534986,6,861904,3,480597,2,934510,6,843579,945283,629834,9,8,9,8,895342,194876,8,1,8,367509,2]
instanceRandomization:[36,4,17,25,34,14,33,1,16,21,7,31,2,11,20,19,23,6,29,26,35,27,28,13,24,10,5,22,30,8,3,9,32,18,12,15,14,12,1,26,17,35,20,27,33,2,5,7,29,28,13,19,22,8,34,21,11,31,16,32,36,25,4,30,10,9,24,15,23,6,3,18]
ITI:[7,5,6,7,5,5,5,6,6,7,6,7,6,7,6,5,5,6,7,6,5,7,7,5,7,5,6,6,6,7,7,7,5,5,6,5,5,7,5,5,6,6,7,6,5,7,7,6,5,7,7,5,5,7,6,6,6,5,6,7,5,5,7,7,6,6,5,6,7,5,7,6]
SaccadeITI:[0.612534437010375,1.01892651213178,1.18000926115395,0.700157507237357,0.83402611562827,1.46825088016534,0.685847448565376,1.43835123014481,1.04601654029296,0.88740327899189,0.741081192771283,0.695970643226368,0.495452070989025,1.18771711216153,1.13783749626794,1.01052264092335,0.593871937979323,0.746598900443253,0.610970100768221,1.12752861474485,0.831466526639027,0.980667356781972,1.24261701913395,0.969234569145677,1.34157420779423,0.813679723915023,1.24637512202219,1.04415978552618,1.2219792089037,1.37530882065961,1.18393035992825,1.27027783906863,1.26035243054697,0.882920120757384,0.921932650644643,1.01703490471312,0.672405256571559,0.723592527125341,1.3917800089422,1.40129151955092,1.08113695975238,0.755623954495726,0.644621877845687,1.31333933831969,1.44884134471261,0.903992539186341,1.46930836807781,1.0931880284644,0.664941010678497,0.692058263726843,1.14580186704018,1.04691096293585,0.740179307440606,0.525611193066773,1.28847000087456,1.40860077031733,1.02447366519676,1.45998231848547,0.62894072002576,0.652323629388896]
SaccadeRandomization:[0,1,0,0,1,0,0,1,1,2,1,2,3,3,3,1,1,0,0,2,2,1,0,2,2,2,2,1,0,3,3,2,0,3,3,1,1,1,0,2,0,0,2,1,2,3,0,0,2,1,2,3,1,3,3,3,2,3,3,3,2,0,2,1,0,2,1,1,0,1,1,3,2,3,0,3,2,3,1,2,0,0,2,2,0,1,1,3,3,2,1,2,0,2,3,0,1,2,1,0,0,0,0,3,1,0,2,1,2,3,3,2,1,3,3,3,3,0,1,3,2,2,3,3,2,0,3,2,3,2,3,0,2,0,1,3,2,3,0,1,3,3,2,1,1,1,1,3,1,0,0,2,1,2,1,3,0,1,1,0,3,1,0,0,3,2,1,2,0,3,0,0,1,1,2,0,2,3,0,2,1,1,1,0,2,1,0,0,3,0,0,0,2,2,3,2,0,3,1,2,2,1,0,0,3,3,0,2,3,3,1,1,2,1,0,0,1,0,3,2,2,3,1,1,2,1,0,3,1,0,3,2,2,3,3,3,1,2,2,3]
cost:1
reward:0
reward_amount:[0.5,0.5,0.5,0.5,0.5,0.5,0.5,0.5,0.5,0.5,0.5,0.5,0.5,0.5,0.5,0.5,0.5,0.5,0.5,0.5,0.5,0.5,0.5,0.5,0.5,0.5,0.5,0.5,0.5,0.5,0.5,0.5,0.5,0.5,0.5,0.5,0.5,0.5,0.5,0.5,0.5,0.5,0.5,0.5,0.5,0.5,0.5,0.5,0.5,0.5,0.5,0.5,0.5,0.5,0.5,0.5,0.5,0.5,0.5,0.5,0.5,0.5,0.5,0.5,0.5,0.5,0.5,0.5,0.5,0.5,0.5,0.5]
