decision:1
size:0
numberOfTrials:12
numberOfBlocks:6
numberOfInstances:36
numberOfSaccadeTrials:60
numberOfSaccadeBlocks:4
cost_digits:[367509,8,7,547039,968572,8,3,174835,709483,8,250789,2,480597,276315,632781,482601,289103,2,934510,945283,895342,2,7,8,3,780235,8,3,836045,8,537812,8,843579,6,3,6,7,806134,8,145630,1,534986,5,6,538692,635829,841923,1,9,9,958672,926830,194876,861904,6,723168,5,6,9,659410,1,6,2,367528,629834,4,324618,502816,590421,9,350628,1]
instanceRandomization:[3,27,33,28,14,22,7,19,1,6,30,21,34,18,25,12,23,13,11,32,9,26,20,15,5,35,36,8,2,4,17,10,16,29,24,31,11,21,28,8,12,13,9,19,29,6,27,23,32,34,15,7,24,22,3,20,35,1,25,31,17,2,18,4,36,14,33,26,10,30,5,16]
ITI:[6,7,5,5,7,5,6,7,6,5,6,7,6,7,7,6,7,5,5,7,5,6,5,6,7,5,7,6,6,7,5,7,6,6,5,5,5,5,5,6,6,7,5,6,7,6,7,7,5,7,5,6,6,7,6,7,6,7,5,5,5,6,7,7,6,6,7,6,7,5,5,5]
SaccadeITI:[1.38587414822541,0.94368149805814,1.4084821997676,0.778736066073179,1.22255802690051,0.783962837653235,1.0344039676711,1.49108039401472,0.791852558963001,0.857536575058475,0.844820756698027,0.918981656897813,1.28673149016686,0.50906267366372,0.988255728268996,0.941705372417346,1.42962200893089,1.12047934508882,1.07215267489664,1.01298936782405,1.22674828069285,1.14177420106716,0.993386135436594,0.81962409382686,1.42585928877816,0.835540730273351,1.41469602053985,0.790380354505032,0.986173601355404,0.900758846197277,0.839220900088549,1.40048288134858,1.19864435261115,0.661370008718222,0.781653860351071,1.47156964591704,1.07887634402141,0.898698921082541,1.18407936091535,0.546507750172168,0.830889163305983,1.19796488666907,0.568752286024392,0.597263325471431,1.05524184810929,0.7913302925881,1.08203473198228,0.681839781580493,1.16875141207129,0.769094724208117,0.511017661076039,0.943160928087309,0.714395463699475,1.31994707719423,0.835052354028448,1.02591245435178,1.10049697733484,1.00391211407259,1.13374640629627,1.25018118671142]
SaccadeRandomization:[0,3,0,0,2,2,1,0,2,1,1,2,1,3,2,2,2,3,3,2,1,2,1,1,2,0,1,3,3,3,3,2,3,0,3,3,1,1,1,1,0,3,0,0,0,1,3,0,0,0,2,2,1,3,2,2,0,3,0,1,0,2,0,0,1,3,0,3,0,3,2,2,2,2,3,2,1,1,0,2,0,3,3,0,1,1,1,3,3,3,2,2,3,3,0,0,3,2,1,1,0,2,2,0,3,1,1,2,0,0,1,1,1,3,0,1,2,3,2,1,0,2,2,2,2,0,0,1,1,2,3,1,2,0,0,2,3,3,3,0,3,3,3,3,2,0,3,0,3,1,3,2,1,1,0,1,1,1,0,3,1,1,0,3,3,2,0,2,2,2,1,0,1,3,0,2,1,0,2,1,0,0,2,1,3,0,2,0,0,2,3,3,0,2,3,0,3,2,1,3,2,0,2,0,3,3,0,3,0,2,1,0,2,2,3,2,2,0,2,1,2,1,1,1,1,1,1,1,2,3,3,1,1,0,3,0,1,3,3,1]
cost:1
reward:0
reward_amount:[0.5,0.5,0.5,0.5,0.5,0.5,0.5,0.5,0.5,0.5,0.5,0.5,0.5,0.5,0.5,0.5,0.5,0.5,0.5,0.5,0.5,0.5,0.5,0.5,0.5,0.5,0.5,0.5,0.5,0.5,0.5,0.5,0.5,0.5,0.5,0.5,0.5,0.5,0.5,0.5,0.5,0.5,0.5,0.5,0.5,0.5,0.5,0.5,0.5,0.5,0.5,0.5,0.5,0.5,0.5,0.5,0.5,0.5,0.5,0.5,0.5,0.5,0.5,0.5,0.5,0.5,0.5,0.5,0.5,0.5,0.5,0.5]
