decision:1
size:0
numberOfTrials:12
numberOfBlocks:6
numberOfInstances:36
numberOfSaccadeTrials:60
numberOfSaccadeBlocks:4
cost_digits:[8,9,7,289103,537812,6,8,2,958672,843579,3,6,5,194876,350628,6,945283,8,836045,861904,534986,6,6,7,895342,547039,629834,276315,3,367528,7,2,1,480597,968572,632781,145630,3,8,9,1,482601,174835,5,780235,8,250789,659410,8,3,8,1,841923,635829,806134,324618,9,538692,723168,6,2,2,590421,709483,9,1,4,8,367509,934510,926830,502816]
instanceRandomization:[27,30,11,23,17,3,6,26,15,16,8,19,35,24,5,31,32,10,2,22,13,1,29,33,9,28,36,18,7,4,20,21,12,34,14,25,8,5,4,25,16,12,19,9,35,36,30,31,22,24,15,17,27,6,21,33,32,29,20,2,18,13,10,1,34,23,14,28,3,11,7,26]
ITI:[5,5,7,7,6,6,7,5,6,6,5,7,7,7,6,6,7,5,7,5,6,6,5,5,6,7,6,7,6,7,5,5,5,6,5,7,7,6,7,5,6,6,6,7,5,5,5,7,5,5,6,7,6,7,6,5,5,7,6,7,7,7,5,6,6,5,7,5,7,6,6,5]
SaccadeITI:[1.19890566089113,0.773894546906619,1.44056096335795,1.1537765158612,0.831538977687402,1.27830671018843,0.690405915145917,0.511468455548553,0.685446671563356,0.639910609116002,0.717560519351779,1.07992395584394,0.902499267020418,1.03439010575336,1.1714727062538,1.05773815617819,0.535460114832191,1.48244805576202,1.00393811369237,0.855917176584868,1.35556139483039,0.717736936061798,1.37965373590511,0.685567235461591,0.580314187686114,0.645245618074356,1.26907367830087,0.831955575970157,0.501939869606091,1.37752455764373,1.10616383178082,1.44376442477029,1.42407297401611,1.40529730159712,1.08179136098285,1.33638589096178,1.19054391573106,1.37512483064008,0.779025988307937,1.24267727195208,1.09807908034806,1.32926017546949,1.29863591760319,0.812055535269125,0.629558392222195,0.815857017998739,1.35164582182576,1.33964188525376,0.712628890414877,1.25377925520685,0.911608960599794,1.00184446724985,0.742518972492932,0.554416713657944,0.756467812582074,1.23763077182618,1.00781379698698,0.942705122874274,0.58999635943134,0.838871272866769]
SaccadeRandomization:[1,0,2,1,3,0,3,3,2,1,3,1,2,0,3,3,1,2,1,0,0,1,3,1,3,0,3,2,2,0,3,3,0,1,2,2,0,2,2,2,0,1,2,1,0,0,1,2,2,1,2,0,3,1,0,1,0,3,3,3,1,1,2,1,3,0,2,1,3,3,1,3,3,0,2,2,1,0,3,3,2,1,3,0,3,0,2,0,3,1,1,2,2,0,1,1,3,3,1,0,0,2,2,0,0,0,2,0,0,2,2,2,3,1,2,1,0,3,1,3,2,0,3,2,1,3,2,3,1,3,3,0,0,3,2,1,3,1,0,1,0,0,2,2,0,3,0,1,0,1,1,3,3,1,3,2,2,1,2,1,2,3,2,0,2,0,0,1,1,2,2,3,3,1,0,1,0,0,2,3,2,1,2,1,0,0,2,2,3,2,0,1,1,0,1,0,2,1,3,2,0,3,3,3,1,1,2,2,3,1,1,1,0,1,3,0,3,0,3,3,3,1,2,2,0,0,0,3,0,0,1,3,3,2,2,2,2,0,1,3]
cost:1
reward:0
reward_amount:[0.5,0.5,0.5,0.5,0.5,0.5,0.5,0.5,0.5,0.5,0.5,0.5,0.5,0.5,0.5,0.5,0.5,0.5,0.5,0.5,0.5,0.5,0.5,0.5,0.5,0.5,0.5,0.5,0.5,0.5,0.5,0.5,0.5,0.5,0.5,0.5,0.5,0.5,0.5,0.5,0.5,0.5,0.5,0.5,0.5,0.5,0.5,0.5,0.5,0.5,0.5,0.5,0.5,0.5,0.5,0.5,0.5,0.5,0.5,0.5,0.5,0.5,0.5,0.5,0.5,0.5,0.5,0.5,0.5,0.5,0.5,0.5]
