decision:1
size:0
numberOfTrials:12
numberOfBlocks:6
numberOfInstances:36
numberOfSaccadeTrials:60
numberOfSaccadeBlocks:4
cost_digits:[537812,723168,861904,5,1,4,6,7,836045,250789,8,480597,945283,289103,350628,590421,534986,8,9,3,1,2,2,324618,3,8,6,8,806134,3,8,780235,659410,709483,841923,538692,8,934510,9,194876,547039,174835,926830,1,9,2,843579,1,635829,8,145630,7,895342,632781,2,276315,6,482601,629834,3,968572,9,6,6,367509,6,502816,8,7,958672,367528,5]
instanceRandomization:[17,20,22,9,16,14,3,11,2,30,28,34,32,23,5,10,13,36,25,24,12,26,18,33,7,6,19,4,21,8,15,35,31,1,27,29,27,11,32,24,28,19,7,17,34,13,16,23,6,22,8,33,9,25,21,18,1,12,36,5,14,30,31,2,3,29,26,10,20,15,4,35]
ITI:[6,7,7,6,5,6,5,6,5,5,7,7,7,6,6,6,7,6,7,5,5,5,7,5,7,6,5,7,6,6,5,7,7,6,5,5,6,7,7,5,5,5,6,5,7,6,7,6,5,6,7,7,7,5,6,6,7,6,5,5,7,6,5,5,6,7,5,7,6,7,6,5]
SaccadeITI:[0.594050632199893,0.514921638524781,1.37982340121331,1.03589258563394,1.14386400917235,0.790329358416299,0.840517693540702,1.29045656450714,1.15089483174185,0.543799902886773,1.4227555355678,1.35392666339564,1.05398360743808,1.23711394482913,0.503693921134497,1.10418429632361,0.482674457707132,1.25300029559682,1.07058165279838,0.788279844789455,0.616997921482349,0.757668736266593,0.636149976976837,1.09777618396717,1.09123490598674,0.563122665851066,1.35882310650001,0.491847199496503,0.971403107155735,0.627763870746518,0.618517145390312,1.06461689003433,1.32308073562259,1.05466823546837,0.813219687777261,0.684162357465053,1.19137109337995,1.18123732797491,1.20974309753316,0.90112552686284,1.15862574788431,0.714044368468846,0.826032708507652,1.28270311385083,1.04251648426677,1.00708453717331,0.976414726457248,1.40741812914299,1.41017582185256,1.17410480707573,1.01759864144648,1.0225177459574,1.06664764496187,1.03854801772783,1.1874643369733,1.15662738528724,1.28168079384292,0.988258522811035,1.42171859146717,1.01054326548862]
SaccadeRandomization:[0,1,2,0,2,3,0,1,1,0,2,1,3,2,2,3,3,0,1,3,0,1,2,3,3,1,0,3,3,3,2,2,0,0,1,0,0,0,2,2,0,1,3,0,2,3,2,1,1,2,1,2,0,1,2,3,1,3,1,3,2,3,2,1,1,1,2,3,0,3,2,2,2,0,3,3,1,2,3,0,2,0,1,1,0,0,3,1,2,0,0,3,1,3,2,1,3,1,0,3,3,0,3,2,3,1,0,1,1,0,3,2,0,1,0,2,2,1,2,0,1,2,3,0,0,1,0,3,0,2,1,2,2,1,0,1,1,1,3,3,2,3,2,2,1,2,0,3,2,3,0,0,3,3,1,1,3,3,0,0,2,0,2,1,1,1,1,2,3,0,3,2,2,3,0,0,2,1,0,3,2,0,3,0,3,1,1,2,2,1,3,1,3,2,2,3,1,0,1,0,0,3,0,1,1,1,0,0,2,2,0,1,3,2,2,0,0,3,0,0,3,3,2,1,0,3,2,1,2,3,1,1,0,2,3,2,3,1,3,2]
cost:1
reward:0
reward_amount:[0.5,0.5,0.5,0.5,0.5,0.5,0.5,0.5,0.5,0.5,0.5,0.5,0.5,0.5,0.5,0.5,0.5,0.5,0.5,0.5,0.5,0.5,0.5,0.5,0.5,0.5,0.5,0.5,0.5,0.5,0.5,0.5,0.5,0.5,0.5,0.5,0.5,0.5,0.5,0.5,0.5,0.5,0.5,0.5,0.5,0.5,0.5,0.5,0.5,0.5,0.5,0.5,0.5,0.5,0.5,0.5,0.5,0.5,0.5,0.5,0.5,0.5,0.5,0.5,0.5,0.5,0.5,0.5,0.5,0.5,0.5,0.5]
