decision:1
size:0
numberOfTrials:12
numberOfBlocks:6
numberOfInstances:36
numberOfSaccadeTrials:60
numberOfSaccadeBlocks:4
cost_digits:[3,8,895342,9,934510,806134,9,723168,4,2,780235,194876,836045,6,841923,6,1,324618,502816,6,926830,843579,590421,9,289103,547039,2,6,861904,635829,1,6,8,9,3,629834,174835,8,958672,1,7,5,8,8,145630,276315,8,538692,482601,534986,250789,3,350628,968572,7,6,537812,2,659410,7,8,367528,709483,945283,367509,1,5,8,3,480597,632781,2]
instanceRandomization:[8,15,9,30,11,21,32,20,14,18,35,24,2,1,27,29,12,33,26,3,7,16,10,25,23,28,13,19,22,6,17,31,4,34,5,36,19,6,15,23,33,9,36,27,8,18,22,29,12,13,30,24,5,14,20,2,17,21,31,11,10,4,1,32,3,16,35,28,7,34,25,26]
ITI:[5,5,7,7,6,6,6,6,7,5,7,5,5,5,7,6,6,7,6,5,5,7,6,7,5,5,7,5,5,7,7,6,6,6,7,6,7,6,7,6,7,5,5,7,6,5,5,6,5,7,5,6,7,6,6,5,5,6,7,7,6,7,5,5,7,6,5,6,7,7,6,5]
SaccadeITI:[0.55814905911296,0.544731139713743,1.49522699745915,1.01393919139712,1.07592502683013,0.690668726149791,0.63933399929277,1.00886783101208,0.559821313988262,0.758275370389068,1.33429761817291,0.699252650882894,0.679679534440705,0.637707399945551,0.621402160772899,1.34836131268724,1.07851245165414,1.28585015800393,0.584273028230139,1.14927592807993,1.39967077625527,1.32029710551336,0.609640690307909,0.690715057352403,1.24831490176342,0.969287325205126,0.940191979329878,0.648192828796649,1.37697944421864,0.951008987655708,0.58516133557617,1.39190496322311,0.920126106167057,1.46487395562775,0.844016259811663,1.15486211264118,1.22913588215209,0.990030653817424,1.05727198002472,0.618490593550572,0.614806248383441,1.36311020287297,0.634414839600989,1.35335321751966,1.00719287274017,1.37152356053314,0.817425374682837,1.25875973240084,0.999750459376567,1.3267976195047,1.27034608395382,1.01480773351698,1.23115020249582,1.35008397632822,1.07469360092267,1.0437754630538,1.4344198105818,0.572445940734663,0.718350855676302,1.36906836791507]
SaccadeRandomization:[1,1,0,0,0,3,2,0,0,0,3,2,0,3,1,3,2,2,2,3,3,0,3,0,3,1,2,1,1,1,1,2,1,3,2,3,0,2,2,3,1,0,3,2,2,1,0,2,0,2,0,2,1,3,3,0,1,1,1,3,1,0,2,0,3,0,3,2,3,3,2,0,2,0,3,0,3,3,1,0,1,0,3,0,2,1,2,3,1,1,1,2,3,1,3,3,2,3,2,0,0,2,0,2,3,1,2,2,1,1,2,1,3,0,0,2,1,1,0,1,1,2,3,3,1,0,2,3,1,3,1,0,2,2,2,0,1,1,1,3,3,2,3,3,1,0,1,2,1,3,1,0,3,1,0,1,0,0,2,0,2,0,3,1,2,3,2,0,2,0,0,2,1,0,3,3,0,2,3,2,2,2,3,3,3,0,0,2,3,0,3,2,2,1,0,3,1,3,1,0,2,3,1,1,2,2,0,3,3,3,0,1,1,1,0,0,3,2,0,3,2,0,0,0,2,1,2,3,2,0,1,1,2,1,3,1,1,0,2,1]
cost:1
reward:0
reward_amount:[0.5,0.5,0.5,0.5,0.5,0.5,0.5,0.5,0.5,0.5,0.5,0.5,0.5,0.5,0.5,0.5,0.5,0.5,0.5,0.5,0.5,0.5,0.5,0.5,0.5,0.5,0.5,0.5,0.5,0.5,0.5,0.5,0.5,0.5,0.5,0.5,0.5,0.5,0.5,0.5,0.5,0.5,0.5,0.5,0.5,0.5,0.5,0.5,0.5,0.5,0.5,0.5,0.5,0.5,0.5,0.5,0.5,0.5,0.5,0.5,0.5,0.5,0.5,0.5,0.5,0.5,0.5,0.5,0.5,0.5,0.5,0.5]
