decision:1
size:0
numberOfTrials:12
numberOfBlocks:6
numberOfInstances:36
numberOfSaccadeTrials:60
numberOfSaccadeBlocks:4
cost_digits:[958672,8,6,7,276315,5,8,8,534986,629834,7,806134,926830,194876,250789,1,367528,6,843579,482601,5,9,968572,145630,6,861904,1,8,6,538692,9,367509,9,3,324618,502816,934510,3,780235,480597,547039,174835,590421,350628,8,723168,632781,2,659410,895342,289103,3,537812,8,6,2,7,945283,8,4,841923,2,635829,836045,3,2,9,8,709483,6,1,1]
instanceRandomization:[15,27,1,11,18,35,28,6,13,36,20,21,7,24,30,17,4,19,16,12,9,32,14,8,31,22,23,10,2,29,34,3,25,5,33,26,11,8,35,34,28,19,10,5,15,20,25,26,31,9,23,7,17,22,3,13,33,32,4,14,27,18,6,2,24,21,30,36,1,29,12,16]
ITI:[7,7,5,6,5,7,6,6,6,5,7,5,7,7,6,5,7,6,5,6,6,5,7,5,5,6,6,6,7,7,5,7,6,5,5,7,6,7,7,5,6,5,7,5,5,6,7,6,6,5,5,5,7,6,7,5,7,6,7,6,7,6,7,7,5,6,5,7,5,5,6,6]
SaccadeITI:[0.895403816655744,1.35851162584731,1.02449293766404,1.20338007604005,1.3480568365776,0.682577668281738,1.38170514680678,1.24692692729877,1.31537156744162,0.837324826105032,0.456534201570321,1.35686503752368,1.37850851245457,0.973035474366043,0.842640614428092,0.997251566324849,0.920793044904713,1.09536918002414,0.905632878479082,0.793135235842783,0.739878514839802,1.21310081804404,0.914192729454953,1.02496058639372,1.15092090755934,1.19339487637626,1.26052824041108,0.738815530959982,1.1851319806301,0.733150740910787,0.486560149875004,0.827629931562115,0.646151912689675,0.573671352176461,1.22350755502703,1.06472439394565,1.05535913660424,0.571512745053042,0.871675691392738,1.1994723554817,0.654666120477486,1.05251817760291,1.04009491676698,1.20622764114523,1.31233691103989,0.755744738562498,1.01437759125838,1.04133537207963,1.1484230645583,0.783564826298971,0.476040322391782,1.33618363883579,0.886731332459021,0.68605608685175,1.26829732867191,1.17933067964623,1.40413470478961,0.498173072061036,1.19165309338132,1.37625305709662]
SaccadeRandomization:[2,2,0,2,1,0,3,1,3,3,0,0,2,1,3,2,3,2,0,0,3,3,1,1,0,3,1,2,0,0,2,0,2,0,3,3,1,1,3,0,3,3,1,3,0,2,1,2,0,2,1,3,0,2,1,2,2,1,1,1,2,2,0,0,2,3,2,2,1,1,3,0,3,2,2,0,0,2,3,1,1,3,0,0,2,1,3,2,1,2,1,2,0,0,3,3,2,0,1,0,3,3,1,0,1,1,1,2,1,1,2,3,1,0,3,0,3,3,3,0,2,0,3,0,0,1,2,1,3,2,2,2,2,3,2,1,3,1,0,3,3,1,3,0,0,3,0,3,2,0,1,0,1,1,3,1,1,1,2,3,2,0,0,1,2,2,3,3,0,2,0,0,0,1,1,2,1,3,2,3,1,1,1,1,1,0,3,1,3,3,2,2,2,0,2,3,3,0,0,3,1,3,0,2,3,0,2,3,0,2,0,1,1,3,3,0,0,3,0,0,3,1,1,2,0,3,2,1,2,0,0,2,2,2,1,2,3,1,1,2]
cost:1
reward:0
reward_amount:[0.5,0.5,0.5,0.5,0.5,0.5,0.5,0.5,0.5,0.5,0.5,0.5,0.5,0.5,0.5,0.5,0.5,0.5,0.5,0.5,0.5,0.5,0.5,0.5,0.5,0.5,0.5,0.5,0.5,0.5,0.5,0.5,0.5,0.5,0.5,0.5,0.5,0.5,0.5,0.5,0.5,0.5,0.5,0.5,0.5,0.5,0.5,0.5,0.5,0.5,0.5,0.5,0.5,0.5,0.5,0.5,0.5,0.5,0.5,0.5,0.5,0.5,0.5,0.5,0.5,0.5,0.5,0.5,0.5,0.5,0.5,0.5]
