decision:1
size:0
numberOfTrials:12
numberOfBlocks:6
numberOfInstances:36
numberOfSaccadeTrials:60
numberOfSaccadeBlocks:4
cost_digits:[8,836045,3,9,2,934510,2,7,861904,3,6,174835,8,350628,289103,806134,8,629834,9,723168,958672,367509,250789,8,659410,145630,8,537812,5,9,482601,6,895342,968572,2,1,709483,7,276315,841923,945283,1,6,843579,780235,3,6,8,502816,534986,8,547039,3,7,590421,6,635829,194876,367528,2,926830,4,6,1,480597,538692,632781,8,1,5,324618,9]
instanceRandomization:[28,2,24,32,13,11,18,33,22,7,29,19,27,5,23,21,4,36,34,20,15,3,30,10,31,8,6,17,35,25,12,1,9,14,26,16,1,11,18,27,32,12,3,16,35,8,31,15,26,13,22,28,5,20,10,19,6,24,4,21,7,14,2,23,34,29,25,36,17,9,33,30]
ITI:[7,7,5,6,7,5,6,6,7,5,5,6,6,6,7,5,5,7,5,7,6,5,6,7,6,7,7,5,7,5,6,6,5,5,7,6,7,7,6,7,5,7,6,6,5,5,5,6,7,7,7,5,7,5,6,6,5,6,6,5,7,7,6,5,7,6,6,5,5,6,5,7]
SaccadeITI:[0.541083720043146,1.14812110247634,1.21189357083834,0.744212853951224,1.22037162049285,0.841464563967505,1.02669732994012,0.530616740925082,0.595854699607783,1.356396211773,0.993659758470797,1.10904877259939,0.535787576805645,1.40765595272727,1.23918471694536,1.36077804537102,0.71263642492316,1.39236490800589,1.04876184672661,1.37697252677366,1.2391572610902,1.23775459918737,0.555401011133411,1.34450398850798,1.16145668294824,1.36632856935806,0.580296299649247,1.06469242414072,1.17719685495443,1.07146863615684,1.06027894722841,0.5334078660196,0.903884027382204,0.963779026871392,0.937568253833645,0.502756310855815,1.18106565740503,1.13244931376151,1.24004751373626,0.925499889297256,0.492997473334738,1.22695494955018,1.38912868336386,1.14273227750867,0.671708785226413,0.828850578978503,0.64360619103148,0.75631788209624,0.774469016814449,1.3301535160242,0.600676419675195,1.38719170144371,1.30731758568048,0.934818280624071,1.39981331163629,1.26961926463603,0.7135670760142,0.612100922498697,1.07445860257916,0.870961404401654]
SaccadeRandomization:[3,2,1,2,1,0,2,0,1,3,2,3,2,1,1,3,0,2,0,2,1,0,0,3,3,3,3,1,3,3,2,2,2,3,2,3,3,1,1,2,0,3,2,0,0,2,1,1,0,3,0,2,0,1,0,0,1,1,0,1,2,3,3,2,0,2,3,3,0,3,1,2,0,0,0,1,2,0,0,1,3,2,2,2,0,1,0,0,3,0,3,2,1,3,1,2,1,2,3,3,2,3,2,3,1,3,1,0,1,1,0,1,0,1,0,1,2,1,3,2,2,1,3,0,0,0,2,1,3,0,0,1,1,0,0,2,1,2,2,2,0,3,3,3,3,0,1,1,2,2,3,1,0,0,3,2,1,1,3,2,2,1,2,2,0,1,0,3,1,3,0,1,3,1,3,2,3,0,2,3,0,2,2,0,3,2,0,0,3,0,3,1,3,0,1,1,3,2,0,3,2,3,1,0,2,3,0,0,3,2,0,3,2,1,3,1,1,3,1,2,1,3,2,3,1,2,1,1,2,2,2,0,0,1,2,1,3,0,1,0]
cost:1
reward:0
reward_amount:[0.5,0.5,0.5,0.5,0.5,0.5,0.5,0.5,0.5,0.5,0.5,0.5,0.5,0.5,0.5,0.5,0.5,0.5,0.5,0.5,0.5,0.5,0.5,0.5,0.5,0.5,0.5,0.5,0.5,0.5,0.5,0.5,0.5,0.5,0.5,0.5,0.5,0.5,0.5,0.5,0.5,0.5,0.5,0.5,0.5,0.5,0.5,0.5,0.5,0.5,0.5,0.5,0.5,0.5,0.5,0.5,0.5,0.5,0.5,0.5,0.5,0.5,0.5,0.5,0.5,0.5,0.5,0.5,0.5,0.5,0.5,0.5]
