decision:1
size:0
numberOfTrials:12
numberOfBlocks:6
numberOfInstances:36
numberOfSaccadeTrials:60
numberOfSaccadeBlocks:4
cost_digits:[841923,8,1,968572,9,482601,276315,2,836045,895342,8,629834,945283,3,8,367528,547039,3,9,723168,534986,7,3,635829,367509,324618,538692,843579,806134,6,9,5,3,6,6,1,6,194876,480597,632781,934510,4,958672,8,174835,289103,926830,537812,861904,8,8,350628,9,250789,8,6,1,7,2,2,6,2,709483,7,8,780235,659410,1,502816,145630,590421,5]
instanceRandomization:[27,22,23,14,30,12,18,26,2,9,10,36,32,8,15,4,28,7,34,20,13,11,24,6,3,33,29,16,21,19,25,35,5,1,31,17,29,24,34,25,11,14,15,36,19,23,7,17,22,4,6,5,32,30,27,2,12,20,18,21,3,13,1,33,28,35,31,16,26,8,10,9]
ITI:[7,6,7,5,5,6,5,6,7,7,5,6,6,7,7,5,6,5,5,6,7,5,7,6,7,6,6,6,5,6,5,5,5,7,7,7,6,7,5,6,7,5,7,5,5,6,6,7,5,7,7,6,5,6,5,6,5,7,6,7,6,6,7,6,5,7,5,7,5,7,6,5]
SaccadeITI:[1.3573809032406,0.659589494493169,1.24654978365482,0.921002827499372,0.719987915976283,1.03829537416653,1.23364410890111,1.41512909127244,0.981884856622977,0.920410451161054,1.14012718261996,1.14129110510306,1.42987432648273,0.746151807632608,1.41236510235661,0.864115489561421,0.665921335256038,1.09716236675934,0.784850434081939,1.154072756328,1.25009654127837,1.36891794242741,0.509230738187519,0.775673230326114,0.654116729189021,1.37832167945647,1.48593760133566,0.56418269025938,1.18900834271529,0.576434329066736,0.861852698641208,0.663640651533691,0.544761901868818,0.7341454449653,0.504103565037561,1.18565974538991,0.991530086526958,0.561635308580783,0.674015816681397,0.833052938718659,1.08896277580255,0.687103540318397,1.39578713933782,1.10939123216861,0.925488011127648,1.31253125579872,1.18091621427642,0.67337067090751,1.00733649023653,1.27106734473103,1.24781352296316,0.874124663098094,1.31268413007104,0.562822845213426,1.38065175680288,1.45407874221758,0.948605288666052,0.717513381650982,1.3764376334458,1.23718866580942]
SaccadeRandomization:[1,3,3,2,3,1,3,0,0,2,3,2,0,1,0,1,1,3,1,1,0,0,1,2,2,3,3,0,2,2,1,0,3,1,0,3,0,1,0,1,0,2,0,2,3,2,1,0,0,2,2,3,1,1,2,2,3,3,3,2,1,2,2,2,3,0,0,1,2,3,1,0,1,3,1,1,0,0,2,0,0,3,2,0,2,1,1,2,3,3,3,3,1,0,0,3,3,2,3,2,0,2,3,3,1,1,1,0,0,2,1,2,3,2,3,1,2,1,0,0,2,2,0,0,2,0,1,3,3,3,3,2,0,1,1,2,2,0,2,2,1,1,2,0,3,1,1,3,1,3,3,2,3,0,0,2,0,0,0,1,1,0,3,0,2,3,3,1,0,1,1,2,0,2,1,3,2,3,3,1,0,2,0,1,1,3,2,3,0,3,1,0,2,3,1,0,3,3,2,2,1,2,0,3,0,3,1,2,0,1,3,1,3,2,1,3,2,1,2,1,2,1,0,2,0,0,0,2,3,3,3,0,0,2,3,1,0,1,2,1]
cost:1
reward:0
reward_amount:[0.5,0.5,0.5,0.5,0.5,0.5,0.5,0.5,0.5,0.5,0.5,0.5,0.5,0.5,0.5,0.5,0.5,0.5,0.5,0.5,0.5,0.5,0.5,0.5,0.5,0.5,0.5,0.5,0.5,0.5,0.5,0.5,0.5,0.5,0.5,0.5,0.5,0.5,0.5,0.5,0.5,0.5,0.5,0.5,0.5,0.5,0.5,0.5,0.5,0.5,0.5,0.5,0.5,0.5,0.5,0.5,0.5,0.5,0.5,0.5,0.5,0.5,0.5,0.5,0.5,0.5,0.5,0.5,0.5,0.5,0.5,0.5]
