decision:1
size:0
numberOfTrials:12
numberOfBlocks:6
numberOfInstances:36
numberOfSaccadeTrials:60
numberOfSaccadeBlocks:4
cost_digits:[534986,7,895342,659410,968572,480597,926830,8,843579,547039,2,1,276315,8,3,8,635829,6,8,8,632781,1,780235,6,324618,9,482601,2,6,836045,6,945283,145630,3,8,934510,5,2,861904,9,250789,289103,2,350628,174835,367528,502816,709483,537812,7,806134,538692,7,723168,6,1,8,958672,367509,1,8,5,9,194876,4,841923,590421,629834,9,3,3,6]
instanceRandomization:[13,20,9,31,14,34,7,27,16,28,21,17,18,36,5,15,6,3,4,22,25,23,35,1,33,30,12,26,29,2,19,32,8,24,10,11,9,13,22,32,30,23,18,5,19,4,26,1,17,11,21,29,33,20,31,16,6,15,3,12,28,35,34,24,14,27,10,36,25,7,8,2]
ITI:[5,6,5,5,6,7,6,7,5,7,7,6,6,5,7,6,5,5,5,7,6,6,7,7,7,5,5,6,5,6,7,7,5,7,6,6,6,6,5,5,5,6,7,7,7,6,5,7,7,6,6,6,5,7,5,5,6,7,7,5,7,5,7,5,5,6,6,6,5,7,6,7]
SaccadeITI:[0.48165513909189,1.2127749941661,0.587711668654811,0.783711047226098,1.39642633273033,1.0182516245055,1.33612319090171,0.739536189555656,1.06867788740201,1.43875754050678,1.35300612155115,0.822173771064263,0.553481991484296,1.46618687416194,0.956894761265721,1.19282153140521,1.00087510173908,0.799656586104538,1.44805959294317,1.06608431491768,0.928102408617269,1.28733041494852,0.883739603764843,1.03681000050856,0.590354111825582,0.832288121420425,1.00166364604374,0.95586247354513,1.14129115556134,0.925713029538747,0.840206185902935,0.717001795617398,0.884570565854665,0.781754053279292,1.32216763178585,1.08011512769153,1.08871098429663,0.931054087437224,1.32027847141726,1.32930544422707,0.860536549089011,0.532101992599201,1.08951488028979,0.674873212201055,0.966730654553976,0.915583850897383,0.587558210210409,0.934102249180432,1.25828648320166,0.6615452452912,1.05325471943943,1.37630262769526,1.08537971259793,1.17192653272068,1.05882637117757,0.925147250841837,1.2321656233049,1.08398517718306,0.880675391142722,1.05031769172056]
SaccadeRandomization:[0,1,2,2,3,1,2,2,1,0,0,3,1,1,3,0,2,2,0,2,1,1,1,2,0,3,0,3,1,2,2,1,3,0,0,3,2,3,3,3,3,3,3,1,3,2,2,1,0,0,0,0,2,2,0,0,1,3,1,1,1,2,2,1,1,3,0,1,0,1,1,0,2,2,0,0,1,2,0,2,3,0,2,1,2,1,1,1,3,2,1,3,3,2,2,3,2,3,0,0,2,0,3,3,3,1,3,3,3,3,0,1,0,3,0,0,0,1,2,2,0,1,0,0,0,3,2,1,1,0,2,0,2,1,1,2,1,3,1,2,2,3,0,3,3,3,0,1,0,3,3,3,2,3,0,3,1,2,3,1,2,2,3,2,0,2,2,3,0,1,2,1,0,1,2,0,3,1,1,0,1,2,0,0,2,0,3,3,1,3,0,1,0,0,3,2,2,0,3,3,1,1,0,2,3,1,1,2,2,1,2,3,2,3,0,0,1,3,1,2,1,3,2,2,1,1,2,3,3,1,0,1,0,0,2,2,0,3,0,3]
cost:1
reward:0
reward_amount:[0.5,0.5,0.5,0.5,0.5,0.5,0.5,0.5,0.5,0.5,0.5,0.5,0.5,0.5,0.5,0.5,0.5,0.5,0.5,0.5,0.5,0.5,0.5,0.5,0.5,0.5,0.5,0.5,0.5,0.5,0.5,0.5,0.5,0.5,0.5,0.5,0.5,0.5,0.5,0.5,0.5,0.5,0.5,0.5,0.5,0.5,0.5,0.5,0.5,0.5,0.5,0.5,0.5,0.5,0.5,0.5,0.5,0.5,0.5,0.5,0.5,0.5,0.5,0.5,0.5,0.5,0.5,0.5,0.5,0.5,0.5,0.5]
