decision:1
size:0
numberOfTrials:12
numberOfBlocks:6
numberOfInstances:36
numberOfSaccadeTrials:60
numberOfSaccadeBlocks:4
cost_digits:[3,480597,8,780235,250789,6,482601,861904,3,841923,1,590421,895342,2,659410,289103,6,2,324618,8,723168,145630,6,7,2,9,843579,8,350628,276315,4,6,8,945283,8,836045,9,934510,534986,502816,629834,367528,1,1,367509,709483,635829,968572,8,194876,8,538692,547039,958672,174835,806134,926830,6,7,6,5,3,1,5,632781,537812,3,8,9,7,2,9]
instanceRandomization:[7,34,4,35,30,3,12,22,24,27,17,10,9,13,31,23,19,26,33,36,20,8,1,11,21,25,16,6,5,18,14,29,15,32,28,2,32,11,13,26,36,4,12,16,3,1,6,14,10,24,22,29,28,15,19,21,7,31,20,2,35,8,23,9,25,17,5,27,30,33,18,34]
ITI:[6,5,7,6,6,5,7,5,7,6,5,7,7,6,5,7,6,5,7,6,7,5,6,5,5,7,6,7,5,5,6,7,7,6,6,5,7,5,6,5,6,6,5,7,6,7,7,5,7,7,5,6,6,5,7,5,5,7,6,6,6,6,5,6,5,7,6,7,7,7,5,5]
SaccadeITI:[1.2548281335854,1.22153130496154,1.46290637362981,1.35578318635235,1.39964894085424,0.831964217091445,1.48190400163876,0.874717018764932,0.869800466310699,0.65238038051175,1.25395664592506,0.655086073756684,1.10534140091622,1.02347862228053,0.617003239656333,1.4191705137142,1.28930281704525,0.787566673674155,0.827517032821197,1.42910683989758,0.559020759270061,1.28007999175461,0.586746589944232,0.655235663021449,1.52130360455485,1.10958502088906,0.726897667127196,0.574648970703129,0.803817056550179,0.805695337441284,1.17221042743186,0.862556228612084,0.728725197922904,0.696232747950125,0.798338909831364,0.992192533065099,0.732084895216394,1.11011142955394,1.19173851442756,0.65406188411871,0.911553499486763,1.41264793808805,0.664214565616567,0.981403868843336,1.16441933527822,1.07623863612534,1.31181658265414,0.533934975939337,1.4692742928979,1.24980490348535,0.700780336710159,0.642759489093441,0.661751205765177,1.52274432239356,1.34495556723559,0.952235961065162,1.30207830780419,1.03585114233429,1.1057869500597,0.581470806349535]
SaccadeRandomization:[3,3,0,2,0,1,0,3,2,0,1,0,3,0,2,3,2,1,3,0,3,1,3,2,2,0,2,1,2,1,2,3,2,1,3,1,0,3,3,3,2,2,1,0,1,0,2,0,1,1,0,1,2,3,0,1,2,0,1,3,1,0,1,1,0,1,2,3,0,3,3,0,2,1,2,1,3,0,1,3,2,2,3,2,2,2,2,2,3,2,2,0,0,1,3,3,2,3,0,3,2,3,1,3,0,1,0,1,1,0,1,0,3,0,1,0,2,0,1,3,0,0,1,2,3,2,3,3,1,0,1,1,0,2,0,1,0,2,3,3,0,1,2,3,2,2,3,1,3,3,2,1,1,0,1,3,2,0,0,2,1,1,3,2,0,3,2,1,3,0,2,1,2,3,0,1,3,0,0,2,1,2,3,0,3,1,2,2,2,1,0,1,1,0,3,2,3,0,0,2,0,2,1,2,3,3,3,0,2,3,2,1,0,1,0,2,3,2,1,1,0,1,2,0,3,1,1,3,0,0,3,2,3,3,1,2,0,3,0,1]
cost:1
reward:0
reward_amount:[0.5,0.5,0.5,0.5,0.5,0.5,0.5,0.5,0.5,0.5,0.5,0.5,0.5,0.5,0.5,0.5,0.5,0.5,0.5,0.5,0.5,0.5,0.5,0.5,0.5,0.5,0.5,0.5,0.5,0.5,0.5,0.5,0.5,0.5,0.5,0.5,0.5,0.5,0.5,0.5,0.5,0.5,0.5,0.5,0.5,0.5,0.5,0.5,0.5,0.5,0.5,0.5,0.5,0.5,0.5,0.5,0.5,0.5,0.5,0.5,0.5,0.5,0.5,0.5,0.5,0.5,0.5,0.5,0.5,0.5,0.5,0.5]
