decision:1
size:0
numberOfTrials:12
numberOfBlocks:6
numberOfInstances:36
numberOfSaccadeTrials:60
numberOfSaccadeBlocks:4
cost_digits:[2,635829,841923,629834,659410,2,958672,590421,6,324618,537812,2,5,843579,350628,7,3,3,945283,8,7,895342,8,289103,709483,632781,174835,534986,6,194876,6,9,1,9,4,8,547039,145630,6,367509,806134,8,934510,926830,9,480597,502816,6,1,3,9,861904,1,8,968572,276315,1,8,8,6,836045,7,482601,780235,367528,3,5,538692,250789,2,8,723168]
instanceRandomization:[21,6,27,36,31,18,15,10,3,33,17,26,35,16,5,20,7,8,32,4,11,9,28,23,1,25,19,13,29,24,2,34,12,30,14,22,28,8,31,3,21,6,11,7,25,34,26,19,17,24,32,22,16,27,14,18,23,36,10,1,2,33,12,35,4,5,9,29,30,13,15,20]
ITI:[5,6,5,6,7,7,6,5,6,7,7,5,7,6,6,5,5,5,7,6,5,7,7,6,7,5,6,6,5,7,7,5,5,6,7,6,6,7,6,7,7,5,6,6,5,5,7,5,6,6,5,6,5,7,7,5,7,7,5,6,5,5,5,7,5,7,7,6,7,6,6,6]
SaccadeITI:[1.1712487099731,1.22054644134284,1.34177557817117,0.984391856895915,0.839673129799,0.740603032944879,1.29636335671336,1.01120173577607,0.964682598788446,1.19829208027028,0.619866090784005,0.547869455259449,1.4887251101473,1.07355881268547,0.787489353636435,0.649614802984676,0.631874356376162,0.727239268556392,0.916260598883188,0.632037085671133,1.0636188471263,1.12313928357714,1.04279858125762,1.48302477873319,0.548049508551291,0.714853343976817,1.16572069325872,1.4296829280948,1.48770385883205,1.00891054068149,0.810323393395326,1.07014354011432,0.622945565221986,1.0125153809359,0.956130019113577,0.94110720018313,1.14560317173988,0.653091088825992,1.00080495998651,0.579586301421902,0.862137059638432,0.802632631691328,1.39306734265216,1.48498420226776,1.23958654115365,0.880548941161639,0.617091671520999,1.38685385785454,1.44673643862285,0.645268846027708,1.02456444148362,0.858199930939979,1.43353967015088,0.588929087579406,1.23785179453359,1.15760186752692,1.12154179783926,1.24427745999225,1.11890944578142,0.752610530894405]
SaccadeRandomization:[3,0,2,0,1,1,3,1,3,2,3,2,3,1,2,0,3,1,2,2,2,3,2,3,0,2,1,2,2,1,0,0,1,1,3,2,1,3,0,3,0,0,1,3,1,2,2,0,2,1,3,0,0,3,0,1,1,0,3,0,3,1,3,2,3,0,1,0,0,2,0,3,1,3,2,0,1,0,0,2,1,2,2,1,2,2,3,1,2,0,3,3,3,0,3,2,2,3,3,3,0,2,1,1,1,1,2,3,1,1,1,0,0,1,0,2,2,0,3,0,2,3,3,1,0,0,1,0,2,2,1,2,2,1,2,0,3,2,1,1,1,3,0,3,3,1,0,0,2,2,3,0,3,2,2,3,0,3,0,0,2,2,1,0,3,3,0,1,1,1,3,1,3,2,0,0,1,3,1,2,1,0,0,0,0,3,0,3,2,2,1,2,2,3,3,1,3,1,3,2,1,2,2,2,0,0,1,3,1,3,2,2,3,0,0,2,0,1,0,3,1,1,3,1,3,3,0,2,3,1,0,1,2,2,2,1,0,3,0,1]
cost:1
reward:0
reward_amount:[0.5,0.5,0.5,0.5,0.5,0.5,0.5,0.5,0.5,0.5,0.5,0.5,0.5,0.5,0.5,0.5,0.5,0.5,0.5,0.5,0.5,0.5,0.5,0.5,0.5,0.5,0.5,0.5,0.5,0.5,0.5,0.5,0.5,0.5,0.5,0.5,0.5,0.5,0.5,0.5,0.5,0.5,0.5,0.5,0.5,0.5,0.5,0.5,0.5,0.5,0.5,0.5,0.5,0.5,0.5,0.5,0.5,0.5,0.5,0.5,0.5,0.5,0.5,0.5,0.5,0.5,0.5,0.5,0.5,0.5,0.5,0.5]
