decision:1
size:0
numberOfTrials:12
numberOfBlocks:6
numberOfInstances:36
numberOfSaccadeTrials:60
numberOfSaccadeBlocks:4
cost_digits:[9,895342,6,2,8,7,145630,194876,6,1,934510,841923,482601,5,7,8,547039,659410,250789,8,174835,534986,1,6,9,3,968572,3,958672,367528,2,289103,806134,709483,9,635829,6,8,324618,350628,629834,4,367509,2,6,1,8,276315,8,945283,2,537812,861904,7,836045,9,843579,6,590421,480597,926830,632781,538692,8,3,3,780235,8,502816,723168,1,5]
instanceRandomization:[32,9,2,18,22,33,8,24,3,17,11,27,12,35,20,10,28,31,30,36,19,13,16,29,34,5,14,7,15,4,26,23,21,1,25,6,31,27,33,5,36,14,3,13,1,23,6,18,15,32,21,17,22,11,2,30,16,19,10,34,7,25,29,28,8,24,35,4,26,20,12,9]
ITI:[6,6,5,6,6,5,7,7,5,7,5,7,5,7,5,6,6,6,6,5,7,7,7,5,7,6,6,6,7,7,5,5,5,7,5,6,5,5,7,7,5,6,7,6,7,6,6,5,5,7,5,5,6,7,7,7,6,6,5,6,7,6,5,7,7,5,6,6,7,5,6,5]
SaccadeITI:[1.18605421738078,1.48246377518711,0.86511767002133,0.990386796634023,1.11186197258842,1.15849797356253,1.40478418649485,1.16326032228147,1.15405467197609,0.997190177657952,0.554301650015016,1.11671319625651,0.767796844461312,0.68189220361722,0.80003800218304,1.36009471256596,0.715019121284907,0.642986174424489,0.949422273769354,1.38230935273071,1.06616702441437,1.0784067045742,0.582374726406609,1.39508298410413,0.708983457631742,0.688122028003757,1.43222825809692,0.640382261931275,0.688400294150536,0.612166865014782,0.667565796275934,1.23242763987121,0.738991633507734,1.43814433853452,1.3680247440779,1.19014692980175,1.40914062409041,0.652989531618853,1.49347510280398,1.46138550502559,0.717473654992258,0.804103263638293,1.11406393999544,0.864408082080384,0.690936512298261,1.21856282300626,0.656294161671152,1.37338058369545,0.779997066579138,1.09238262123739,1.06501004424257,1.32461087310997,0.783708167945345,0.77042096479175,0.920119471599658,0.879021205458169,1.08170514971328,1.26500656477486,0.830915288518493,0.739027815622588]
SaccadeRandomization:[0,2,0,2,0,3,0,0,0,2,2,3,3,2,1,2,3,2,3,0,0,3,3,2,1,0,1,2,2,3,3,0,1,0,0,1,3,0,1,1,3,1,3,2,1,1,1,2,3,2,0,0,1,2,3,1,2,3,1,1,3,2,3,1,2,3,1,1,3,2,0,0,2,1,1,1,1,3,3,0,1,3,3,1,0,2,2,3,0,0,2,0,0,2,1,2,0,1,3,0,0,3,0,1,2,3,2,1,2,3,1,2,0,0,3,3,1,2,2,0,1,0,2,2,2,0,3,1,2,0,3,1,1,1,3,2,1,3,2,1,0,3,2,1,1,3,0,1,3,1,1,1,3,0,0,2,3,1,0,3,0,3,3,0,2,2,1,2,2,3,0,0,2,2,2,0,0,3,0,3,3,0,0,2,0,3,2,3,3,3,1,1,3,1,0,3,0,0,2,2,2,0,3,0,3,2,1,1,3,2,2,1,1,0,3,1,0,2,0,2,3,1,0,1,2,2,1,0,1,1,2,0,2,0,2,1,3,3,1,3]
cost:1
reward:0
reward_amount:[0.5,0.5,0.5,0.5,0.5,0.5,0.5,0.5,0.5,0.5,0.5,0.5,0.5,0.5,0.5,0.5,0.5,0.5,0.5,0.5,0.5,0.5,0.5,0.5,0.5,0.5,0.5,0.5,0.5,0.5,0.5,0.5,0.5,0.5,0.5,0.5,0.5,0.5,0.5,0.5,0.5,0.5,0.5,0.5,0.5,0.5,0.5,0.5,0.5,0.5,0.5,0.5,0.5,0.5,0.5,0.5,0.5,0.5,0.5,0.5,0.5,0.5,0.5,0.5,0.5,0.5,0.5,0.5,0.5,0.5,0.5,0.5]
