decision:1
size:0
numberOfTrials:12
numberOfBlocks:6
numberOfInstances:36
numberOfSaccadeTrials:60
numberOfSaccadeBlocks:4
cost_digits:[1,1,3,6,843579,8,895342,480597,547039,723168,9,145630,537812,8,806134,2,7,6,629834,534986,9,6,8,250789,3,934510,5,635829,926830,968572,6,502816,709483,8,590421,6,8,841923,3,8,7,6,5,659410,276315,538692,836045,958672,482601,8,4,2,7,8,861904,324618,2,3,2,367509,1,174835,780235,945283,632781,9,289103,194876,1,9,350628,367528]
instanceRandomization:[23,12,24,3,16,27,9,34,28,20,32,8,17,4,21,18,33,19,36,13,25,2,15,30,5,11,35,6,7,14,29,26,1,22,10,31,10,27,8,28,20,1,9,31,18,29,2,15,12,36,14,13,11,6,22,33,26,7,21,3,17,19,35,32,25,34,23,24,16,30,5,4]
ITI:[5,6,5,7,7,6,5,7,7,6,5,6,5,6,7,5,7,6,5,6,7,7,5,6,7,7,7,5,6,7,5,6,5,6,5,6,7,5,7,7,7,5,5,6,6,6,5,6,6,5,7,7,5,6,6,6,5,5,7,7,5,5,7,6,6,7,7,6,5,6,7,5]
SaccadeITI:[0.802529178416201,1.37771786735005,0.801269519232058,0.997542099417963,0.925029474632659,1.37961398702658,1.11127452654376,1.03670108769632,0.531836401993254,1.21210995744526,1.20220178002104,1.39856012477151,0.819813384530911,0.956482118317702,1.12295005665704,0.950720385271901,0.658859803663411,0.881228300832057,0.879569712882706,0.57674803873136,0.491145794369125,1.15622227345205,0.567937127170929,0.582773643169397,1.39244439415246,1.22167187239587,1.20032640648618,1.43964722598515,1.1591334031856,0.755470800069937,0.695395392687836,1.3422691576144,0.580165134366446,1.06598754352502,1.41467152079179,0.528479077709683,1.24994070534206,0.87430359175972,0.893311629161083,1.03630600296504,0.873004335533672,1.42073948550581,1.36669844234906,1.05077051240563,0.608354935977453,1.29770202501289,0.464428915498623,1.42779898023776,0.872889945838445,0.98746910164676,0.965313157155955,1.27412605993062,1.3182980109433,1.15709503865413,1.05329973003439,1.05745738567396,0.926437288379141,0.753393109511429,1.2542494219689,0.600113615948552]
SaccadeRandomization:[2,2,1,2,3,3,3,1,1,0,0,1,1,1,1,0,3,3,3,1,2,2,3,1,3,0,3,1,0,1,2,3,3,3,1,0,0,2,2,2,2,3,0,1,2,0,1,0,0,2,3,1,0,0,3,0,2,0,2,2,2,0,0,0,2,0,2,0,2,0,1,0,3,0,2,2,1,1,2,1,2,3,3,2,3,3,0,2,3,1,3,3,1,3,0,1,3,2,2,3,1,3,0,0,0,3,1,2,0,0,1,1,1,1,2,1,3,2,3,1,3,3,3,0,3,1,2,1,2,3,2,2,1,2,2,3,1,1,0,2,2,3,0,2,2,1,3,1,3,2,1,0,0,2,0,0,0,1,3,1,0,1,0,3,0,3,0,1,1,3,3,2,3,2,0,0,1,0,1,2,2,3,3,1,1,1,1,1,0,0,2,2,2,2,0,2,2,3,0,3,1,0,3,2,3,2,0,1,1,0,0,0,2,1,0,0,3,2,2,0,2,2,3,3,3,3,0,1,1,0,3,1,3,2,3,1,1,3,1,0]
cost:1
reward:0
reward_amount:[0.5,0.5,0.5,0.5,0.5,0.5,0.5,0.5,0.5,0.5,0.5,0.5,0.5,0.5,0.5,0.5,0.5,0.5,0.5,0.5,0.5,0.5,0.5,0.5,0.5,0.5,0.5,0.5,0.5,0.5,0.5,0.5,0.5,0.5,0.5,0.5,0.5,0.5,0.5,0.5,0.5,0.5,0.5,0.5,0.5,0.5,0.5,0.5,0.5,0.5,0.5,0.5,0.5,0.5,0.5,0.5,0.5,0.5,0.5,0.5,0.5,0.5,0.5,0.5,0.5,0.5,0.5,0.5,0.5,0.5,0.5,0.5]
