decision:1
size:0
numberOfTrials:12
numberOfBlocks:6
numberOfInstances:36
numberOfSaccadeTrials:60
numberOfSaccadeBlocks:4
cost_digits:[8,806134,6,2,6,3,145630,934510,7,8,841923,632781,324618,9,8,3,250789,6,6,968572,926830,276315,629834,289103,8,5,8,537812,6,861904,480597,482601,780235,6,1,502816,723168,367509,659410,9,945283,194876,3,534986,547039,843579,7,9,958672,350628,367528,1,2,538692,5,2,895342,1,3,836045,8,590421,709483,635829,8,7,4,8,9,174835,1,2]
instanceRandomization:[6,21,2,13,29,24,8,11,20,15,27,25,33,32,10,5,30,1,19,14,7,18,36,23,4,9,28,17,3,22,34,12,35,31,16,26,20,3,31,34,32,24,8,13,28,16,11,25,15,5,4,12,26,29,35,21,9,23,7,2,36,10,1,6,27,33,14,22,30,19,17,18]
ITI:[5,5,7,6,5,7,5,6,6,7,6,7,7,6,6,6,5,7,5,5,5,6,7,7,5,7,6,5,6,7,5,6,5,7,7,6,6,7,7,6,5,5,7,5,5,7,6,6,5,5,6,5,7,7,7,6,6,5,6,7,5,7,7,6,7,6,5,7,5,5,6,6]
SaccadeITI:[1.32062590708956,0.718865671008825,1.15523044699803,0.818667446309701,1.12875905008987,1.41885398845188,1.00448886449449,0.666569126350805,0.755060150567442,1.21845720363781,0.5427696863655,1.25666968016885,1.090815067105,0.567774360114708,1.21628286787309,1.48114329115488,0.873069193493575,1.40084095490165,0.656914935726672,1.07761436658911,0.526452064327896,1.10764949750155,1.16107990620658,0.60363560942933,0.942366968886927,1.05592952743173,0.895817515719682,1.46170330168679,0.48785975696519,0.726654022978619,1.148625119403,0.958329262724146,1.47644942770712,0.728258286649361,1.16712928893976,0.951390961231664,1.34297109749168,0.593307273741811,0.674400243489072,0.683241770183667,0.863535559549928,1.18330003861338,1.40862181973644,0.822911492129788,0.935829523997381,1.30807250370271,1.36991868987679,1.19884070106782,0.619424991356209,1.21448090840131,0.876500957924873,1.06591903422959,1.24451076406986,0.896496871998534,0.597669609403238,1.4449817196466,0.92654352709651,1.26524030957371,0.6764013660606,1.0180764503777]
SaccadeRandomization:[0,0,1,3,2,1,3,3,1,0,0,3,2,0,0,2,0,1,3,1,3,0,2,3,3,2,1,0,2,3,0,0,2,2,3,0,3,2,1,3,2,1,2,3,0,2,0,1,3,3,2,1,1,2,1,0,2,1,1,1,0,3,3,0,2,0,3,3,2,1,1,3,0,1,1,2,3,3,1,3,0,2,3,2,1,3,0,1,0,2,1,2,2,1,2,1,2,1,1,3,2,0,0,0,0,0,3,3,2,3,1,2,1,0,3,1,2,2,0,0,0,2,0,0,3,1,0,2,3,3,3,3,2,0,3,3,3,1,1,1,0,0,2,2,0,1,2,0,3,2,2,0,3,2,2,3,2,0,0,2,1,0,1,2,0,1,3,3,1,1,3,1,1,2,1,1,0,1,3,2,3,2,3,0,0,3,3,2,2,1,0,1,3,1,3,2,1,1,1,1,3,2,2,3,2,3,1,0,0,0,1,2,3,0,2,0,3,3,1,1,1,0,0,2,3,1,3,2,0,1,0,3,2,1,0,2,2,0,2,0]
cost:1
reward:0
reward_amount:[0.5,0.5,0.5,0.5,0.5,0.5,0.5,0.5,0.5,0.5,0.5,0.5,0.5,0.5,0.5,0.5,0.5,0.5,0.5,0.5,0.5,0.5,0.5,0.5,0.5,0.5,0.5,0.5,0.5,0.5,0.5,0.5,0.5,0.5,0.5,0.5,0.5,0.5,0.5,0.5,0.5,0.5,0.5,0.5,0.5,0.5,0.5,0.5,0.5,0.5,0.5,0.5,0.5,0.5,0.5,0.5,0.5,0.5,0.5,0.5,0.5,0.5,0.5,0.5,0.5,0.5,0.5,0.5,0.5,0.5,0.5,0.5]
