decision:1
size:0
numberOfTrials:12
numberOfBlocks:6
numberOfInstances:36
numberOfSaccadeTrials:60
numberOfSaccadeBlocks:4
cost_digits:[4,9,250789,3,945283,958672,174835,8,1,8,350628,2,2,482601,836045,6,1,276315,632781,709483,843579,841923,635829,895342,7,2,194876,3,629834,7,7,8,8,780235,6,367509,926830,861904,9,3,5,6,5,659410,8,1,1,968572,6,289103,934510,324618,3,8,145630,547039,2,8,9,8,537812,723168,538692,590421,9,480597,806134,534986,502816,367528,6,6]
instanceRandomization:[14,34,30,8,32,15,19,22,17,4,5,13,26,12,2,29,23,18,25,1,16,27,6,9,11,21,24,7,36,20,33,28,10,35,31,3,7,22,30,24,9,19,35,31,27,16,12,14,2,23,11,33,5,15,8,28,18,6,32,36,17,20,29,10,25,34,21,13,26,4,3,1]
ITI:[7,7,6,7,6,7,5,5,5,5,6,6,5,7,5,7,5,6,7,5,6,6,7,6,6,7,7,6,5,6,5,7,6,5,5,7,5,6,5,5,6,7,5,7,7,7,6,6,6,7,5,7,6,5,6,6,7,5,5,7,5,5,6,5,7,7,7,7,6,6,5,6]
SaccadeITI:[1.01122933477939,0.698385701429409,1.25766963759282,0.769833289699939,1.42934336365045,1.45884544603371,0.943685004867924,1.37463321877488,1.20783557035805,0.601538693446976,0.745778091864971,1.4848376551255,1.27245591176519,0.538628433047173,0.912537667582122,0.912071377419246,0.60793431327523,1.13683595569649,1.0245794434178,1.2688695994749,0.59136024970406,0.900273856155885,0.719074279683021,0.524602952793551,0.896002684401659,0.641097453337473,1.35428272621551,1.13455314669603,0.959222849140254,0.681405698329521,0.522577103840498,0.891995324667854,0.690481331114036,1.33076572642506,0.529944061449108,1.04550216059045,1.35557569741116,1.31848584060402,0.583594996396763,1.46959355953926,1.1625455472696,1.42554104761997,1.40050704861836,0.808902816528765,1.285751896825,1.33969380860993,0.585313915655327,1.10022303546624,0.56064039762908,1.45706687440009,0.91370491674946,1.01250537173667,1.15310921627873,1.18627484646471,0.967569635629964,0.608959963227001,0.99508604259075,1.19984260402465,0.820935585450691,1.21790602142767]
SaccadeRandomization:[2,2,2,2,1,0,2,3,1,1,2,0,0,2,0,3,0,3,3,3,0,1,1,2,0,1,0,2,0,0,3,0,0,2,1,2,1,1,3,3,0,3,3,1,3,0,1,3,2,2,1,1,1,3,2,1,0,2,3,3,3,2,2,3,3,3,1,0,1,0,1,2,1,0,3,2,1,3,2,2,1,1,2,0,3,3,0,3,1,0,0,1,0,2,1,0,0,3,1,1,0,0,3,2,2,1,2,3,2,0,3,2,2,2,1,0,3,1,3,0,3,3,0,1,3,3,0,1,0,1,3,2,0,2,0,0,1,1,0,1,2,2,1,0,0,3,2,1,0,2,1,3,0,2,2,1,1,3,2,0,1,1,1,0,2,2,0,2,3,3,0,2,3,3,2,3,3,3,1,2,3,1,1,3,3,3,2,0,2,0,0,3,1,2,3,1,1,1,2,0,3,1,2,1,3,1,3,3,2,0,3,1,3,0,2,2,1,1,0,3,1,0,2,0,0,0,2,0,2,3,0,2,2,0,1,3,0,2,2,1]
cost:1
reward:0
reward_amount:[0.5,0.5,0.5,0.5,0.5,0.5,0.5,0.5,0.5,0.5,0.5,0.5,0.5,0.5,0.5,0.5,0.5,0.5,0.5,0.5,0.5,0.5,0.5,0.5,0.5,0.5,0.5,0.5,0.5,0.5,0.5,0.5,0.5,0.5,0.5,0.5,0.5,0.5,0.5,0.5,0.5,0.5,0.5,0.5,0.5,0.5,0.5,0.5,0.5,0.5,0.5,0.5,0.5,0.5,0.5,0.5,0.5,0.5,0.5,0.5,0.5,0.5,0.5,0.5,0.5,0.5,0.5,0.5,0.5,0.5,0.5,0.5]
