decision:1
size:0
numberOfTrials:12
numberOfBlocks:6
numberOfInstances:36
numberOfSaccadeTrials:60
numberOfSaccadeBlocks:4
cost_digits:[276315,289103,8,9,1,7,632781,806134,6,780235,861904,480597,3,8,6,502816,145630,194876,8,7,538692,534986,709483,3,635829,8,174835,9,4,7,659410,8,537812,1,5,629834,547039,5,2,350628,3,2,945283,8,324618,958672,590421,8,6,836045,2,723168,2,9,843579,367509,1,367528,482601,926830,1,895342,6,6,8,934510,968572,250789,841923,6,3,9]
instanceRandomization:[18,23,10,32,16,11,25,21,2,35,22,34,5,28,3,26,8,24,4,33,29,13,1,7,6,15,19,30,14,20,31,27,17,12,9,36,28,35,18,5,24,26,32,6,33,15,10,22,1,2,21,20,13,25,16,3,17,4,12,7,23,9,19,29,36,11,14,30,27,31,8,34]
ITI:[5,5,6,5,5,7,7,6,7,6,7,6,5,6,7,7,5,6,7,5,6,6,7,5,7,5,6,5,5,7,6,5,6,7,6,7,7,7,5,5,6,5,6,7,6,6,7,5,6,7,5,7,6,7,5,5,5,7,6,6,7,6,5,5,7,5,7,5,6,6,6,7]
SaccadeITI:[1.32077779564618,0.635703840661639,1.25653355745211,1.24325088588133,0.663164961520427,1.36168650341763,1.1250382490883,1.03105392763003,0.819132906287753,1.13824021434023,1.26857559047251,0.687042497001433,0.865009735008546,0.991679204298028,0.64802579851433,0.719485934959569,1.32151481313243,0.556621285756895,0.560590967206129,0.531814955776402,0.923291936419749,1.23402615114658,1.30158121944017,1.14831578512288,1.3909101219809,1.36031849043987,0.5566343969161,0.650088201179945,1.30577687280796,1.21725832498244,0.935694697448828,1.43085468178227,1.45929109155744,0.748967979471975,0.552326329653927,0.682350507374698,0.959990804917955,0.974537196704963,0.950918893232786,0.656915033604794,0.862101591328004,0.684848327092671,0.881320140460351,0.706221797173687,1.4358619681055,0.655169400755161,1.43510898728467,0.986166031002843,0.868358043158272,0.860011654808962,0.817969748653316,1.0178291957321,1.2575981853491,1.44930449281431,1.37063361671365,1.32396878385528,0.664394803481021,1.23925547035954,1.12106134895779,1.17782407267562]
SaccadeRandomization:[2,2,1,2,3,2,0,3,0,1,2,2,2,1,0,1,3,2,0,3,1,3,2,0,0,1,3,0,3,3,2,1,1,0,3,0,1,1,1,1,2,0,3,3,2,0,2,2,3,0,2,1,0,1,1,3,0,3,0,3,2,3,3,3,1,1,3,0,3,3,0,3,2,3,0,3,2,2,0,0,0,2,3,3,2,0,0,2,0,2,1,1,2,1,3,3,1,1,1,2,3,0,1,1,2,0,1,2,0,1,1,2,1,0,0,1,2,0,3,2,1,2,2,1,3,1,0,2,2,2,2,3,2,3,1,3,0,3,3,3,3,2,0,1,0,3,1,3,1,3,0,2,2,1,0,3,1,0,0,0,2,0,3,1,0,0,0,0,0,3,3,1,1,2,1,2,2,1,2,1,2,0,2,3,1,1,0,2,3,0,2,1,1,2,2,3,2,3,0,2,2,0,0,3,1,1,1,0,3,1,1,2,2,0,2,2,1,3,0,2,2,3,3,1,3,1,1,0,3,1,3,0,0,1,3,0,0,3,3,0]
cost:1
reward:0
reward_amount:[0.5,0.5,0.5,0.5,0.5,0.5,0.5,0.5,0.5,0.5,0.5,0.5,0.5,0.5,0.5,0.5,0.5,0.5,0.5,0.5,0.5,0.5,0.5,0.5,0.5,0.5,0.5,0.5,0.5,0.5,0.5,0.5,0.5,0.5,0.5,0.5,0.5,0.5,0.5,0.5,0.5,0.5,0.5,0.5,0.5,0.5,0.5,0.5,0.5,0.5,0.5,0.5,0.5,0.5,0.5,0.5,0.5,0.5,0.5,0.5,0.5,0.5,0.5,0.5,0.5,0.5,0.5,0.5,0.5,0.5,0.5,0.5]
