decision:1
size:0
numberOfTrials:12
numberOfBlocks:6
numberOfInstances:36
numberOfSaccadeTrials:60
numberOfSaccadeBlocks:4
cost_digits:[145630,350628,9,806134,8,8,2,659410,2,1,1,538692,276315,367528,1,3,8,9,480597,934510,250789,547039,367509,861904,5,5,8,8,926830,537812,6,6,723168,968572,6,324618,9,632781,945283,8,4,629834,836045,194876,2,8,8,3,843579,7,3,841923,174835,7,482601,958672,2,6,9,534986,6,3,1,590421,6,635829,709483,7,502816,289103,895342,780235]
instanceRandomization:[8,5,32,21,36,27,13,31,26,23,16,29,18,4,12,24,6,25,34,11,30,28,3,22,9,35,10,15,7,17,2,1,20,14,19,33,34,25,32,4,14,36,2,24,18,28,22,8,16,20,5,27,19,11,12,15,21,29,30,13,3,7,17,10,31,6,1,33,26,23,9,35]
ITI:[5,7,6,5,7,5,6,7,7,6,6,5,5,6,6,5,5,7,6,7,7,5,7,6,5,6,6,7,5,5,7,5,7,7,6,6,5,6,7,6,5,6,7,7,7,5,5,6,5,6,7,5,5,7,6,6,5,7,6,7,7,6,5,7,6,7,5,6,5,5,6,7]
SaccadeITI:[1.32230230401037,0.881206841941457,0.985441029339563,0.540701641270425,0.893938471830916,0.606127288227435,1.31136557975551,0.661154459731188,0.731502158602234,1.44316490626661,0.517506047186907,1.20785266001476,1.3638799870736,0.876255376299377,1.19467287979787,1.29829939132323,1.01281108128605,1.39961413856363,0.842648464057129,1.26590444500325,0.819803733879235,1.11906787989428,1.18788185649319,1.41595570304198,1.11431260759709,1.34395591429202,1.32596387065714,1.45027818115195,1.22688027218683,0.549545337713789,0.86133188175736,0.635987459949683,0.467381721630227,0.876259095536079,0.674097814399283,1.18421902720584,0.74435138333356,0.700632043217774,0.996947355137672,0.788249590701889,0.843953292618971,0.913515801809262,0.841742320719641,1.05271821775241,1.34383264653152,1.07096216691425,0.966843100532424,1.11018593729241,1.25556586942403,0.912528839695733,1.45993449682137,0.811753637657966,0.809676570852753,0.533133200171869,0.897931766731199,1.42642045443645,0.778339884511661,1.32669147084234,0.54665162115125,1.2581668221741]
SaccadeRandomization:[0,1,0,2,1,2,3,1,2,1,0,2,1,0,1,2,1,0,0,0,3,2,2,1,3,0,1,2,1,0,3,3,2,2,1,3,3,3,3,2,2,1,1,3,0,0,1,0,1,0,2,3,3,0,0,3,2,3,3,2,1,0,0,1,0,2,0,0,0,1,2,0,1,2,2,1,2,2,3,3,2,3,1,2,1,3,3,3,1,3,2,3,2,0,1,0,2,0,1,3,3,1,2,0,3,1,3,0,1,3,2,2,0,1,0,0,3,2,1,3,3,1,0,2,2,2,0,0,0,1,0,2,3,3,2,3,1,0,2,3,3,1,3,1,0,0,2,1,2,3,0,1,1,1,3,2,2,2,1,1,3,0,0,2,2,3,0,1,0,2,1,3,0,1,3,3,0,2,1,3,2,3,1,2,2,3,1,0,3,3,1,0,3,0,2,1,0,1,3,0,0,0,0,2,2,2,3,0,0,3,2,3,1,1,0,0,3,2,1,1,2,3,1,1,3,1,0,2,0,2,2,2,3,1,0,3,2,3,1,1]
cost:1
reward:0
reward_amount:[0.5,0.5,0.5,0.5,0.5,0.5,0.5,0.5,0.5,0.5,0.5,0.5,0.5,0.5,0.5,0.5,0.5,0.5,0.5,0.5,0.5,0.5,0.5,0.5,0.5,0.5,0.5,0.5,0.5,0.5,0.5,0.5,0.5,0.5,0.5,0.5,0.5,0.5,0.5,0.5,0.5,0.5,0.5,0.5,0.5,0.5,0.5,0.5,0.5,0.5,0.5,0.5,0.5,0.5,0.5,0.5,0.5,0.5,0.5,0.5,0.5,0.5,0.5,0.5,0.5,0.5,0.5,0.5,0.5,0.5,0.5,0.5]
