decision:1
size:0
numberOfTrials:12
numberOfBlocks:6
numberOfInstances:36
numberOfSaccadeTrials:60
numberOfSaccadeBlocks:4
cost_digits:[289103,7,8,8,194876,3,145630,350628,1,8,958672,5,538692,843579,6,2,480597,2,7,629834,9,9,537812,174835,6,780235,709483,2,934510,6,4,841923,635829,250789,367528,2,502816,6,534986,7,968572,836045,806134,8,895342,6,324618,861904,8,5,1,6,659410,8,8,367509,9,3,1,8,482601,945283,590421,547039,723168,3,276315,632781,9,3,926830,1]
instanceRandomization:[23,20,10,28,24,7,8,5,12,22,15,9,29,16,31,21,34,26,33,36,25,32,17,19,2,35,1,13,11,3,14,27,6,30,4,18,26,1,13,11,14,2,21,6,9,29,33,22,15,35,23,19,31,36,27,3,34,24,17,4,12,32,10,28,20,8,18,25,30,5,7,16]
ITI:[7,5,5,6,7,7,6,6,5,7,5,6,5,5,7,5,6,7,6,5,7,6,7,6,5,6,6,6,5,7,7,7,5,7,6,5,7,5,5,6,5,7,6,7,7,6,6,5,6,6,5,6,7,5,5,6,5,7,7,7,6,6,7,5,7,5,6,5,5,7,7,6]
SaccadeITI:[0.874569760561765,1.11677683603096,0.60480632695447,0.716101942510189,1.27542230386365,0.736922596507551,0.84851777033958,1.08092196464616,1.46430208736177,0.978065157933937,0.626206308995218,0.986264418969707,0.863579189098285,1.05598097822707,0.832909553238036,1.1574247429807,0.905351800537513,1.20430313206355,1.35622459805648,1.46154921238388,1.07293370032761,0.658159529250891,1.55109424835149,0.909347655177893,0.654595196639032,0.5912045954455,1.09280559343363,0.895159436316074,0.897494940944792,1.1871019885138,0.621957063368366,0.754438191345738,0.616391732982205,0.769174653264539,1.20128750607449,1.1089609476466,0.783131366056235,1.32035124667066,0.572513861042292,1.46907782198008,1.45824872089628,1.33582686229687,0.864190356033699,1.29109527023587,1.12846467566754,1.18358168347816,1.00821194999929,1.1640799603619,0.830884173438729,0.632770635113896,1.17024977195154,0.799178523170607,1.4959801318318,1.08754618179131,0.880175361103223,0.996798605584384,1.31192739347074,0.66488614345047,0.827635440668867,0.994886203362451]
SaccadeRandomization:[1,3,1,2,3,1,3,1,3,1,3,1,1,2,1,0,3,0,2,3,0,1,0,0,0,0,0,2,2,0,3,1,1,3,2,0,0,0,2,0,2,3,1,2,1,3,2,1,0,3,2,3,2,2,2,2,0,3,3,1,0,1,2,3,1,2,1,3,2,3,3,2,0,1,3,3,1,0,2,3,0,1,1,0,1,3,2,1,0,2,0,2,0,2,0,0,1,3,2,1,1,3,3,0,0,3,2,2,3,1,1,3,2,2,0,0,0,3,2,1,2,3,1,3,3,0,2,1,0,1,1,0,3,2,0,3,3,1,1,1,3,0,2,1,2,0,0,2,3,2,0,2,0,3,3,0,2,2,1,3,0,2,3,0,0,3,2,1,3,1,2,1,0,1,3,0,1,2,1,2,3,1,1,2,0,0,1,2,0,1,2,3,3,0,3,1,3,2,1,0,2,2,2,0,1,3,3,3,3,2,2,1,2,1,2,3,0,0,1,1,1,3,0,1,0,0,2,3,2,0,0,3,3,2,3,1,0,2,0,1]
cost:1
reward:0
reward_amount:[0.5,0.5,0.5,0.5,0.5,0.5,0.5,0.5,0.5,0.5,0.5,0.5,0.5,0.5,0.5,0.5,0.5,0.5,0.5,0.5,0.5,0.5,0.5,0.5,0.5,0.5,0.5,0.5,0.5,0.5,0.5,0.5,0.5,0.5,0.5,0.5,0.5,0.5,0.5,0.5,0.5,0.5,0.5,0.5,0.5,0.5,0.5,0.5,0.5,0.5,0.5,0.5,0.5,0.5,0.5,0.5,0.5,0.5,0.5,0.5,0.5,0.5,0.5,0.5,0.5,0.5,0.5,0.5,0.5,0.5,0.5,0.5]
