decision:1
size:0
numberOfTrials:12
numberOfBlocks:6
numberOfInstances:36
numberOfSaccadeTrials:60
numberOfSaccadeBlocks:4
cost_digits:[7,723168,5,8,9,958672,547039,538692,968572,1,590421,8,6,3,350628,632781,8,5,635829,1,534986,9,2,174835,8,289103,9,1,926830,276315,709483,659410,836045,934510,2,3,480597,194876,8,8,7,6,367509,895342,2,6,250789,806134,861904,9,945283,8,6,1,145630,367528,8,324618,502816,6,7,843579,629834,2,3,537812,6,4,780235,841923,482601,3]
instanceRandomization:[33,20,9,22,30,15,28,29,14,17,10,4,3,24,5,25,27,35,6,16,13,34,26,19,36,23,32,12,7,18,1,31,2,11,21,8,34,24,28,10,20,2,3,9,13,1,30,21,22,25,32,15,19,23,8,4,6,33,26,31,11,16,36,18,5,17,29,14,35,27,12,7]
ITI:[6,5,7,6,7,6,5,5,5,7,6,7,6,6,5,7,7,7,5,6,5,5,6,7,5,6,5,7,5,5,7,6,7,6,7,6,6,7,6,5,6,7,5,7,6,5,5,7,6,6,7,5,6,6,7,7,5,5,5,7,5,5,5,6,7,7,7,6,5,6,7,6]
SaccadeITI:[1.25316100937004,1.16423394877153,0.77096013884681,1.49871180738943,1.17375266665282,1.16751340354482,0.574637840703751,1.33150244058731,1.28813690921913,1.35005948899003,1.33407481896381,1.38358462808343,1.20911590612183,0.897018079847718,1.07172743553917,1.07488899046245,0.574803619381661,1.25521076467509,0.626731560301657,1.46042238568577,0.640713696336995,0.768454802191506,0.983985288968931,0.829414943202088,0.781952880291889,0.772839744311447,0.970518273037548,0.984689841947208,0.940567215640719,0.529576334838445,0.755058551176141,1.20512924037563,0.692614388621102,1.40451473297241,1.39920339101615,1.0095634385633,0.914546267331267,0.956463455657164,1.08677673243607,0.859059465086708,0.557034074763457,0.982975789547587,0.764792797357465,0.542006873960296,1.05654558163757,1.02578489828544,0.910179447817306,1.14876493249709,0.993671133151899,1.44552029014255,1.27107449338461,0.694407095635931,1.0907728739238,1.24932664257164,1.32295686003442,1.37937270823556,0.576491261568541,0.760403598627696,0.665529928837592,0.61649819087858]
SaccadeRandomization:[3,3,0,2,1,2,3,2,1,3,0,2,2,3,2,1,1,3,3,0,3,1,3,3,1,0,0,1,1,3,1,1,0,0,0,1,1,0,1,2,3,2,0,0,0,3,3,0,2,0,2,1,2,2,2,2,1,3,0,2,0,1,0,3,0,1,2,0,0,0,2,3,2,3,1,2,1,0,3,0,2,3,1,2,0,2,0,3,1,3,0,3,1,0,2,1,3,1,3,1,2,2,3,1,3,0,3,0,2,1,2,3,2,1,1,2,3,0,1,2,1,1,0,3,0,3,3,1,0,3,1,1,2,0,0,1,0,2,0,1,3,1,0,2,1,2,2,1,2,2,0,3,2,2,2,3,0,1,3,0,2,3,1,3,2,1,3,3,0,1,3,1,0,0,2,0,3,2,2,3,0,3,3,0,0,3,1,2,0,0,1,3,1,3,3,2,2,2,1,1,0,1,1,1,2,2,2,2,3,1,3,3,2,0,0,1,1,0,2,3,1,3,3,0,0,0,1,0,1,1,2,2,3,2,3,0,2,2,3,0]
cost:1
reward:0
reward_amount:[0.5,0.5,0.5,0.5,0.5,0.5,0.5,0.5,0.5,0.5,0.5,0.5,0.5,0.5,0.5,0.5,0.5,0.5,0.5,0.5,0.5,0.5,0.5,0.5,0.5,0.5,0.5,0.5,0.5,0.5,0.5,0.5,0.5,0.5,0.5,0.5,0.5,0.5,0.5,0.5,0.5,0.5,0.5,0.5,0.5,0.5,0.5,0.5,0.5,0.5,0.5,0.5,0.5,0.5,0.5,0.5,0.5,0.5,0.5,0.5,0.5,0.5,0.5,0.5,0.5,0.5,0.5,0.5,0.5,0.5,0.5,0.5]
