decision:1
size:0
numberOfTrials:12
numberOfBlocks:6
numberOfInstances:36
numberOfSaccadeTrials:60
numberOfSaccadeBlocks:4
cost_digits:[250789,482601,1,2,367528,3,861904,659410,547039,1,5,723168,2,8,806134,8,5,537812,709483,4,145630,9,538692,8,8,502816,480597,926830,8,324618,9,367509,3,6,7,836045,350628,958672,968572,276315,8,1,895342,590421,934510,194876,9,635829,9,945283,534986,2,3,843579,7,841923,6,629834,8,6,174835,632781,1,6,3,6,780235,6,8,2,289103,7]
instanceRandomization:[30,12,23,18,4,5,22,31,28,16,35,20,13,6,21,15,9,17,1,14,8,32,29,36,10,26,34,7,27,33,25,3,24,19,11,2,5,15,14,18,28,12,9,10,11,24,34,6,30,32,13,26,8,16,33,27,1,36,22,3,19,25,17,31,7,29,35,2,4,21,23,20]
ITI:[5,7,6,7,5,5,6,6,5,7,7,6,6,5,6,6,7,5,5,5,7,7,6,7,5,6,6,6,7,6,7,7,5,5,5,7,6,5,6,5,5,6,7,5,7,7,6,7,5,6,7,7,5,5,7,6,6,6,5,7,5,5,6,7,6,7,5,7,6,6,5,7]
SaccadeITI:[0.453628907713573,1.32439125099918,0.947075014736038,1.37910617588786,1.13034921236103,1.30026665682672,1.29659248007229,1.07736094322754,1.13769688041648,0.776808660046663,1.37202177502913,0.821405265515204,0.737013940501492,0.944586323841941,1.34374274060829,1.11442754793679,0.706249534653034,1.26916782328626,0.751846248784568,0.598372302518692,1.25876994550927,1.33077922979137,1.14897865689127,0.818715896259528,1.30402610966703,1.35852946204832,1.17880933712004,0.749432950548362,0.592796693358105,1.02875975150382,0.767299265402835,1.35335009385599,1.26154672777047,1.06721686226083,0.698843560682144,1.37469000768615,0.423034524812829,1.12870012576459,1.28436077506049,0.808633503306191,1.0767340413644,0.524925953045022,0.708511662238743,1.21678228330566,1.26660712951561,1.15413857813692,0.956941951566841,1.22436996902106,0.499064020847436,1.32909655038966,1.16424229348777,0.96467459857231,0.744806313922163,0.747358065366279,0.622752740781289,1.15083302048733,1.13034025001107,0.753688490053173,0.811316359124612,0.533432564500254]
SaccadeRandomization:[3,2,0,3,2,3,2,3,2,2,0,1,0,3,0,3,2,3,1,0,3,3,2,2,1,2,1,1,1,3,2,1,3,0,2,1,1,3,0,0,1,3,0,1,1,2,0,3,0,0,1,2,0,0,2,1,0,3,1,2,3,2,0,2,1,1,2,0,1,2,3,1,3,0,0,2,2,1,1,3,2,2,1,1,3,3,3,1,0,0,1,1,3,0,3,3,1,1,3,2,0,1,2,0,2,1,0,0,2,3,2,0,2,0,0,3,2,3,3,0,1,3,0,2,1,1,3,3,3,0,1,0,2,3,1,3,0,0,3,3,1,0,3,2,0,2,2,1,1,0,0,2,2,2,3,0,1,2,2,3,0,1,1,0,3,2,1,0,1,2,1,3,2,3,0,1,2,0,3,2,2,1,3,0,1,2,2,0,3,3,0,1,1,2,0,1,0,2,2,3,3,3,3,1,2,2,2,3,1,0,1,0,3,3,2,0,1,2,3,0,3,0,0,0,1,1,2,0,2,1,2,3,3,2,3,1,0,1,0,1]
cost:1
reward:0
reward_amount:[0.5,0.5,0.5,0.5,0.5,0.5,0.5,0.5,0.5,0.5,0.5,0.5,0.5,0.5,0.5,0.5,0.5,0.5,0.5,0.5,0.5,0.5,0.5,0.5,0.5,0.5,0.5,0.5,0.5,0.5,0.5,0.5,0.5,0.5,0.5,0.5,0.5,0.5,0.5,0.5,0.5,0.5,0.5,0.5,0.5,0.5,0.5,0.5,0.5,0.5,0.5,0.5,0.5,0.5,0.5,0.5,0.5,0.5,0.5,0.5,0.5,0.5,0.5,0.5,0.5,0.5,0.5,0.5,0.5,0.5,0.5,0.5]
