decision:1
size:0
numberOfTrials:12
numberOfBlocks:6
numberOfInstances:36
numberOfSaccadeTrials:60
numberOfSaccadeBlocks:4
cost_digits:[482601,538692,6,841923,3,8,8,6,659410,367528,8,4,895342,934510,861904,7,9,250789,350628,2,3,2,723168,843579,289103,806134,534986,537812,709483,5,945283,8,6,3,8,9,926830,9,836045,8,324618,2,632781,3,5,6,1,1,547039,7,958672,8,590421,8,1,968572,1,6,276315,194876,145630,635829,7,629834,480597,502816,9,6,2,367509,780235,174835]
instanceRandomization:[12,29,3,27,24,10,36,19,31,4,6,14,9,11,22,33,25,30,5,18,7,26,20,16,23,21,13,17,1,35,32,28,2,8,15,34,7,30,2,27,33,13,25,5,9,31,17,23,28,11,15,22,10,4,16,14,12,1,18,24,8,6,20,36,34,26,32,29,21,3,35,19]
ITI:[6,7,5,6,7,7,5,6,6,5,5,7,5,7,5,7,6,7,5,6,6,6,7,5,6,5,7,7,5,5,6,7,7,5,6,6,6,6,5,7,7,5,7,7,5,5,6,6,6,6,5,5,7,5,7,6,5,7,7,6,5,5,7,5,5,6,7,6,7,6,7,6]
SaccadeITI:[1.34058322308119,1.08332550565246,0.514511049888097,1.07700690201018,1.02915541937109,1.16529525809456,0.689853338222019,1.35434340911452,1.32216360552702,0.8652422711486,0.654980797949247,0.995265267719515,1.10606269065756,1.36513362212572,1.35880459954496,1.02352123770397,1.05418591147754,0.478197820181958,0.764692190033384,0.695703486842103,0.734634652431123,0.756995415710844,1.40445790176745,1.04586962044705,1.08136011350434,1.36935318999458,0.785537100792862,1.166643893742,0.690926629514433,1.31071088898461,1.19337868916336,0.894753129617311,1.14003987067845,0.575648588291369,0.612521382211707,1.42681583289523,0.768524708622135,1.02030072284397,0.483616149215959,0.692645947146229,1.15531337952707,0.984846222144552,1.39008545565885,0.684829662251286,0.793772703432478,1.31523065844085,1.03948976208922,0.857224999857135,1.33382021698635,1.15511070347857,0.604101277585141,1.06902988527436,1.41746882342268,1.3167928109644,0.727374372235499,1.29897283941973,0.768534237914719,1.24325001116376,0.697691144584678,1.05429879964795]
SaccadeRandomization:[2,2,0,1,1,1,2,0,2,2,2,0,2,2,0,3,3,0,3,1,0,1,3,1,1,3,2,3,0,1,3,0,3,3,3,1,3,3,2,2,2,1,3,2,0,1,3,1,0,0,1,0,3,0,2,1,0,1,2,0,1,3,3,3,3,1,1,2,2,0,2,1,1,3,1,3,0,2,2,2,0,0,3,3,3,1,1,2,2,2,3,2,0,0,1,1,1,2,2,2,0,0,3,3,1,0,0,2,0,1,3,0,1,0,1,2,3,0,0,3,1,2,0,1,1,0,0,1,3,2,0,0,3,1,3,1,0,0,2,0,3,0,1,0,1,2,2,1,2,2,3,0,3,2,2,0,3,2,1,3,0,3,2,1,3,1,3,1,3,2,2,2,3,3,1,3,1,0,2,0,2,0,2,2,3,1,2,0,1,2,1,0,0,3,0,0,3,2,3,1,2,0,3,0,0,1,2,0,0,3,1,3,0,2,3,1,1,1,1,3,2,2,2,1,1,3,2,1,3,3,3,1,3,0,1,2,2,3,0,0]
cost:1
reward:0
reward_amount:[0.5,0.5,0.5,0.5,0.5,0.5,0.5,0.5,0.5,0.5,0.5,0.5,0.5,0.5,0.5,0.5,0.5,0.5,0.5,0.5,0.5,0.5,0.5,0.5,0.5,0.5,0.5,0.5,0.5,0.5,0.5,0.5,0.5,0.5,0.5,0.5,0.5,0.5,0.5,0.5,0.5,0.5,0.5,0.5,0.5,0.5,0.5,0.5,0.5,0.5,0.5,0.5,0.5,0.5,0.5,0.5,0.5,0.5,0.5,0.5,0.5,0.5,0.5,0.5,0.5,0.5,0.5,0.5,0.5,0.5,0.5,0.5]
