decision:1
size:0
numberOfTrials:12
numberOfBlocks:6
numberOfInstances:36
numberOfSaccadeTrials:60
numberOfSaccadeBlocks:4
cost_digits:[350628,590421,723168,2,502816,968572,537812,659410,538692,8,780235,145630,5,9,1,8,6,367509,926830,9,8,6,2,2,6,841923,7,194876,635829,367528,1,250789,8,480597,7,1,8,629834,324618,6,2,934510,7,9,534986,3,174835,8,632781,4,6,1,895342,836045,3,709483,945283,958672,276315,8,9,289103,806134,3,8,547039,3,843579,5,861904,482601,6]
instanceRandomization:[5,10,20,21,26,14,17,31,29,36,35,8,9,25,12,22,1,3,7,32,28,2,18,13,19,27,11,24,6,4,23,30,15,34,33,16,6,36,33,29,26,11,20,30,13,7,19,27,25,14,3,17,9,2,8,1,32,15,18,10,34,23,21,5,4,28,24,16,35,22,12,31]
ITI:[6,6,5,7,7,5,5,7,5,7,6,6,5,6,6,5,6,7,5,6,5,7,7,7,7,6,6,6,5,7,5,7,5,7,6,5,7,5,6,5,7,7,6,6,5,6,5,7,7,5,5,6,5,7,5,6,6,7,7,6,6,6,7,5,5,7,5,6,6,5,7,7]
SaccadeITI:[1.44476830880546,1.34824226368607,0.90142895761334,0.559988477178073,1.47574754679032,1.04494595076346,1.11065986068376,1.34481563526594,1.16847181404398,0.620882746907106,0.730470373671657,1.37088065026716,1.32527572373316,0.871920775300047,1.19449228831024,0.60091610243932,1.41738722627439,0.589272750452316,0.908812856910906,0.591704399701363,0.994856950504861,0.798689057728431,1.23858202938378,1.47917960039728,1.315800233422,1.16146015972287,1.32475815751047,0.545348457902825,0.549692892380214,1.35051086233386,0.609582896720773,0.796679029850444,0.557673722649148,1.00073002782107,0.655005602309636,0.546877779442972,0.713885241797349,1.36208248432182,1.44604252875239,1.42401329977826,0.669777834698713,0.92859533559919,0.79592920341917,0.935027005294493,1.26964764148385,0.784289525732553,0.664467524647868,1.50012350329586,1.08355189222299,1.11023100130648,0.544838383238918,0.825293992091126,1.26107845679314,0.58692908930049,0.749200948424793,1.36459835633092,1.08128282442146,0.847252318546331,1.29732755516112,1.20802188446202]
SaccadeRandomization:[1,2,2,1,3,2,1,1,3,0,0,2,0,0,3,3,1,3,2,1,1,1,3,0,0,3,1,0,1,1,2,2,0,3,3,0,3,1,1,2,0,0,1,2,0,0,2,2,2,3,2,1,3,2,0,3,2,0,3,3,2,0,0,2,3,1,2,3,2,1,3,1,3,2,0,1,0,3,2,2,3,3,0,2,3,0,2,1,2,1,3,0,2,3,1,0,1,1,1,0,0,3,1,3,0,3,2,0,3,0,3,2,0,0,1,2,1,1,1,2,1,1,0,2,2,0,2,3,2,1,1,1,0,0,3,3,3,0,1,1,1,2,3,2,2,2,3,0,1,0,2,3,0,1,0,3,2,0,2,3,2,3,0,1,2,3,3,1,0,3,0,0,3,1,1,2,2,1,3,0,3,0,1,0,0,0,1,3,3,2,0,1,2,3,0,3,1,0,1,0,0,2,1,2,2,2,0,3,1,1,3,2,2,3,3,0,1,1,3,2,2,2,0,1,3,1,3,2,2,0,3,0,2,1,1,2,1,3,0,3]
cost:1
reward:0
reward_amount:[0.5,0.5,0.5,0.5,0.5,0.5,0.5,0.5,0.5,0.5,0.5,0.5,0.5,0.5,0.5,0.5,0.5,0.5,0.5,0.5,0.5,0.5,0.5,0.5,0.5,0.5,0.5,0.5,0.5,0.5,0.5,0.5,0.5,0.5,0.5,0.5,0.5,0.5,0.5,0.5,0.5,0.5,0.5,0.5,0.5,0.5,0.5,0.5,0.5,0.5,0.5,0.5,0.5,0.5,0.5,0.5,0.5,0.5,0.5,0.5,0.5,0.5,0.5,0.5,0.5,0.5,0.5,0.5,0.5,0.5,0.5,0.5]
