decision:1
size:0
numberOfTrials:12
numberOfBlocks:6
numberOfInstances:36
numberOfSaccadeTrials:60
numberOfSaccadeBlocks:4
cost_digits:[7,629834,6,7,3,1,780235,635829,289103,367528,968572,350628,7,632781,8,538692,861904,8,659410,1,145630,1,806134,9,8,250789,8,9,926830,6,5,534986,6,6,276315,502816,895342,841923,958672,843579,480597,8,367509,8,4,934510,6,3,547039,482601,2,174835,6,9,324618,836045,1,590421,3,2,709483,2,723168,3,8,2,5,194876,945283,9,8,537812]
instanceRandomization:[11,36,2,20,24,12,35,6,23,4,14,5,33,25,15,29,22,27,31,16,8,17,21,32,28,30,10,34,7,1,9,13,3,19,18,26,9,27,15,16,34,22,3,4,14,11,29,8,28,12,21,19,31,30,33,2,23,10,5,18,1,26,20,7,6,13,35,24,32,25,36,17]
ITI:[6,5,5,6,5,7,5,7,7,6,6,7,5,5,7,5,5,6,6,7,6,6,7,7,7,7,7,5,6,5,5,7,6,6,6,5,7,5,7,6,6,7,6,5,5,5,6,7,5,7,6,5,6,6,5,6,7,7,7,5,5,6,6,5,5,5,6,6,7,7,7,7]
SaccadeITI:[1.12442962867208,1.35198092432693,1.46259592934512,0.859543465496972,1.31346442685463,1.44857095712796,1.10120375473052,1.07506550657563,0.614407168887556,0.901769716246054,1.41890196823515,0.503396590659395,1.22565567791462,0.495001747226343,1.29400942842476,0.537995360279456,1.46037961980328,0.988281728886068,1.16830853763968,1.39647644334473,1.26498563257046,1.15983908968046,1.45912517951801,1.17006372842006,0.727252133842558,0.843131916550919,1.04491139827296,0.876946571469307,0.760278177866712,1.34132367949933,0.881838512793183,1.43550008903258,0.693964124144986,1.35982509697787,0.917136137792841,0.796952362125739,0.669901675963774,1.02748867166229,1.35074210208841,1.16036089947447,0.655648302938789,1.44121790835634,1.0233273726888,0.867860468057916,1.23119648215361,0.844464562553912,0.700652257725596,1.18088828581385,0.672310723178089,0.647523171221837,0.581153136864305,0.792898677708581,0.803759986488149,1.052196097048,0.512239651242271,0.542148787016049,1.00914494479075,1.06756300544366,0.736283712275326,0.954516706010327]
SaccadeRandomization:[0,3,3,3,0,1,1,0,2,2,0,3,1,0,3,3,0,2,3,3,3,2,0,1,2,0,2,3,2,1,1,3,1,2,0,1,1,0,1,0,1,3,2,2,0,0,2,2,1,0,2,3,0,1,2,3,1,3,2,1,0,1,2,1,2,0,0,1,3,3,0,1,1,1,2,3,0,0,2,1,0,1,2,0,1,1,2,0,1,3,2,3,3,0,1,3,3,1,0,2,3,2,1,2,3,0,2,3,2,3,1,3,3,0,2,2,0,0,3,2,1,0,0,1,2,1,1,0,0,3,0,2,1,2,0,0,2,2,3,1,2,2,2,0,0,1,2,1,2,0,3,2,3,3,1,3,3,3,3,3,2,3,1,3,0,2,1,3,1,2,3,0,1,2,0,1,0,0,1,3,1,3,0,0,1,2,1,2,3,0,0,1,0,0,2,0,0,3,2,0,1,1,2,2,2,1,1,3,1,1,3,2,2,1,2,1,3,3,1,3,3,0,2,3,0,0,2,2,0,3,3,2,1,3,2,3,1,3,0,0]
cost:1
reward:0
reward_amount:[0.5,0.5,0.5,0.5,0.5,0.5,0.5,0.5,0.5,0.5,0.5,0.5,0.5,0.5,0.5,0.5,0.5,0.5,0.5,0.5,0.5,0.5,0.5,0.5,0.5,0.5,0.5,0.5,0.5,0.5,0.5,0.5,0.5,0.5,0.5,0.5,0.5,0.5,0.5,0.5,0.5,0.5,0.5,0.5,0.5,0.5,0.5,0.5,0.5,0.5,0.5,0.5,0.5,0.5,0.5,0.5,0.5,0.5,0.5,0.5,0.5,0.5,0.5,0.5,0.5,0.5,0.5,0.5,0.5,0.5,0.5,0.5]
