decision:1
size:0
numberOfTrials:12
numberOfBlocks:6
numberOfInstances:36
numberOfSaccadeTrials:60
numberOfSaccadeBlocks:4
cost_digits:[2,7,7,5,174835,926830,8,8,482601,806134,3,6,9,861904,534986,9,709483,2,780235,547039,9,194876,289103,4,7,537812,836045,8,8,538692,843579,945283,367509,8,3,635829,659410,324618,895342,632781,2,841923,8,502816,1,968572,934510,6,480597,629834,958672,350628,723168,3,276315,590421,8,1,8,5,6,9,1,3,6,145630,1,6,6,367528,250789,2]
instanceRandomization:[18,20,33,9,19,7,36,15,12,21,5,31,25,22,13,34,1,26,35,28,30,24,23,14,11,17,2,27,4,29,16,32,3,10,8,6,31,33,9,25,21,27,6,26,12,14,11,2,34,36,15,5,20,24,18,10,28,17,22,35,3,32,16,7,29,8,23,19,1,4,30,13]
ITI:[7,6,7,5,5,6,6,7,6,7,5,5,7,6,6,7,6,5,7,6,5,5,5,7,5,7,6,6,7,7,5,5,7,6,5,6,5,7,6,7,6,7,5,5,5,6,7,6,6,7,6,7,5,6,5,6,5,7,7,5,6,6,7,5,7,7,6,7,6,5,5,5]
SaccadeITI:[0.972428451719073,0.974869588351188,1.40346403159977,1.06214064379067,0.935240575306428,0.499578526903254,0.603215092521471,0.708774327261684,0.662181630691824,0.95172781283812,0.76145203198151,0.907793902986062,0.830578218408239,1.44856646932506,1.15197736719468,1.29027324422107,0.803796252429796,0.994399097010804,1.34824899021381,1.38600882627846,0.711706917694149,1.08404149483734,0.694855632221637,1.18654047787034,0.679859129906011,1.44216064941914,1.17079162151398,0.816464921886412,1.30610487908901,1.2940658419005,0.926496776713369,0.746010301130203,0.544099660318655,0.921678777046812,0.90722436151312,0.739823551111234,1.2580568480383,1.17064745836736,1.39746610769847,1.43298929925853,0.991917770782796,1.21732961010033,1.37890415471823,0.798544547248942,0.577470342357022,0.788178207779614,1.39842322860689,1.06708274707974,1.27706427728602,0.608382114636091,1.21162886308351,1.01622789349252,1.04240955152394,1.45225065826283,0.606552487200436,0.678567397835043,1.15523385578611,0.753509853927729,0.863062738402126,0.989459911322532]
SaccadeRandomization:[1,2,3,1,2,2,0,0,2,1,0,3,0,3,1,3,2,2,2,0,1,3,3,1,3,2,2,3,1,2,1,3,0,0,2,3,3,0,0,2,2,1,0,1,3,0,1,0,3,3,1,1,3,0,0,2,1,1,0,2,1,0,1,3,1,1,0,1,0,1,3,2,2,2,3,3,3,0,0,0,0,2,1,3,0,0,1,2,0,3,2,2,2,2,0,1,1,3,0,1,3,1,3,2,2,3,0,0,3,3,1,1,3,1,0,3,2,2,2,2,1,0,2,0,3,0,2,1,3,1,3,3,1,0,3,2,0,2,3,1,2,2,2,1,0,3,0,0,2,2,3,1,3,2,2,1,3,0,2,2,0,2,3,3,0,3,1,1,1,1,0,0,1,0,3,3,0,2,1,1,0,2,2,0,1,2,3,0,0,1,1,3,0,2,3,3,3,3,1,1,3,2,0,0,3,0,3,2,2,1,0,1,1,1,0,0,3,3,1,0,3,0,1,3,2,2,0,2,3,1,2,1,2,2,2,1,3,1,0,2]
cost:1
reward:0
reward_amount:[0.5,0.5,0.5,0.5,0.5,0.5,0.5,0.5,0.5,0.5,0.5,0.5,0.5,0.5,0.5,0.5,0.5,0.5,0.5,0.5,0.5,0.5,0.5,0.5,0.5,0.5,0.5,0.5,0.5,0.5,0.5,0.5,0.5,0.5,0.5,0.5,0.5,0.5,0.5,0.5,0.5,0.5,0.5,0.5,0.5,0.5,0.5,0.5,0.5,0.5,0.5,0.5,0.5,0.5,0.5,0.5,0.5,0.5,0.5,0.5,0.5,0.5,0.5,0.5,0.5,0.5,0.5,0.5,0.5,0.5,0.5,0.5]
