decision:1
size:0
numberOfTrials:12
numberOfBlocks:6
numberOfInstances:36
numberOfSaccadeTrials:60
numberOfSaccadeBlocks:4
cost_digits:[6,8,482601,5,3,3,7,537812,806134,2,9,276315,861904,145630,934510,895342,502816,1,8,709483,174835,8,968572,8,8,9,6,836045,723168,250789,8,8,480597,659410,350628,1,289103,534986,629834,547039,6,1,945283,843579,632781,6,6,7,9,3,958672,841923,926830,2,1,4,9,367528,324618,635829,538692,780235,590421,2,194876,6,5,3,7,2,8,367509]
instanceRandomization:[29,6,12,35,7,24,33,17,21,13,32,18,22,8,11,9,26,23,10,1,19,36,14,28,15,25,3,2,20,30,27,4,34,31,5,16,23,13,36,28,19,17,32,16,25,1,2,20,30,8,15,27,7,26,12,14,34,4,33,6,29,35,10,21,24,31,9,5,11,18,22,3]
ITI:[7,6,5,5,7,5,6,5,6,7,7,6,6,6,6,7,6,7,5,5,7,5,5,7,5,7,6,6,5,5,5,6,7,7,7,6,7,7,7,6,6,6,5,6,7,5,5,5,6,7,6,6,5,5,6,7,7,5,5,7,5,7,7,5,5,5,6,6,6,6,7,7]
SaccadeITI:[1.27077794593448,0.880330343792836,0.745050493224214,1.27117718063916,1.28217393235924,0.848492635010431,1.5152387889723,0.64511177741612,0.591404562645281,1.47269261168937,1.40012807638074,0.962012020001809,0.697870830136041,0.685058335835735,1.09225090436327,1.22195657604995,0.810983622508744,1.41593654320265,1.51712677447746,1.35487563262383,0.607618154554317,1.13182786928179,1.00407987327004,1.24398368114295,0.912071865579734,0.861391970018546,1.21274705959174,0.585193043171118,1.33711994375723,0.991539439714203,0.555055847453574,1.31321197312015,0.964400882196302,1.5143908379289,0.564752949230994,1.05870634277041,0.66990009585085,1.19659966166752,0.75655970100003,1.18828710198092,0.684251756236578,0.738142086022223,0.547795599854241,0.567371292567502,1.48047970008726,0.875391427722449,0.851099575000505,1.36929300550061,0.614669799633945,0.763311672319348,1.29842353851224,0.727361251662175,0.883527662434305,1.06912479928384,0.584960419513906,0.890992150238405,1.18683659640762,0.672452433795358,1.52995067026156,1.31447668240095]
SaccadeRandomization:[2,0,1,0,3,1,2,3,2,1,3,0,2,0,1,1,3,3,2,0,1,3,1,2,0,0,2,2,2,2,1,0,0,3,2,1,3,0,2,3,1,3,2,1,3,1,2,1,3,0,1,3,2,3,0,0,1,3,0,0,3,2,0,1,2,3,0,0,0,2,1,2,3,2,1,0,3,1,2,1,0,1,3,2,1,3,1,1,3,2,0,1,2,2,1,1,2,0,3,0,1,3,0,2,2,0,2,2,3,3,0,1,1,0,0,3,3,0,3,3,0,2,0,2,1,0,1,0,1,3,2,3,1,2,3,2,1,2,0,1,3,0,1,0,0,0,2,2,0,0,2,3,1,2,1,0,3,2,3,3,3,1,0,1,3,3,2,1,2,1,3,0,3,2,0,1,1,2,3,3,0,0,1,3,1,1,2,0,1,3,2,2,1,2,3,1,3,1,3,2,1,0,2,1,0,2,1,0,3,0,3,0,0,1,2,2,1,0,2,0,3,3,2,1,2,2,0,3,3,0,1,0,3,3,3,2,2,3,1,0]
cost:1
reward:0
reward_amount:[0.5,0.5,0.5,0.5,0.5,0.5,0.5,0.5,0.5,0.5,0.5,0.5,0.5,0.5,0.5,0.5,0.5,0.5,0.5,0.5,0.5,0.5,0.5,0.5,0.5,0.5,0.5,0.5,0.5,0.5,0.5,0.5,0.5,0.5,0.5,0.5,0.5,0.5,0.5,0.5,0.5,0.5,0.5,0.5,0.5,0.5,0.5,0.5,0.5,0.5,0.5,0.5,0.5,0.5,0.5,0.5,0.5,0.5,0.5,0.5,0.5,0.5,0.5,0.5,0.5,0.5,0.5,0.5,0.5,0.5,0.5,0.5]
