decision:1
size:0
numberOfTrials:12
numberOfBlocks:6
numberOfInstances:36
numberOfSaccadeTrials:60
numberOfSaccadeBlocks:4
cost_digits:[2,367528,895342,2,1,8,968572,723168,3,538692,843579,174835,6,8,324618,1,9,934510,194876,8,289103,6,659410,502816,590421,6,8,3,780235,632781,2,945283,3,8,8,250789,8,145630,7,547039,4,5,9,2,861904,841923,6,926830,9,629834,1,367509,1,8,7,5,276315,9,3,537812,480597,958672,350628,806134,635829,709483,6,7,6,534986,836045,482601]
instanceRandomization:[18,4,9,21,17,15,14,20,7,29,16,19,1,36,33,12,34,11,24,22,23,2,31,26,10,3,28,5,35,25,13,32,8,6,27,30,10,8,11,28,14,9,25,26,22,27,29,7,30,36,23,3,16,4,20,35,18,32,24,17,34,15,5,21,6,1,19,33,31,13,2,12]
ITI:[6,6,6,7,5,5,7,7,5,5,6,7,5,5,6,5,7,6,7,5,7,6,7,6,6,5,6,7,7,7,5,5,7,5,6,6,7,5,5,7,5,7,7,6,6,6,6,5,5,5,7,6,7,6,6,7,7,5,6,5,6,5,5,7,7,5,7,6,6,6,5,7]
SaccadeITI:[1.39561589255851,0.630378301561965,0.908707178271531,1.08549546806995,1.08821378352974,1.21579722066332,0.710647012413635,0.847063299109383,1.00376325457279,1.2768609307978,0.542480804332687,1.51167725499642,0.585456558809771,1.14331440821212,0.628663662196292,0.964542768503694,1.30311257585806,1.04418190669191,0.668825639019875,0.662418242152004,1.04868154747334,0.587496869805424,0.610852074883102,1.07446172770966,0.893700769244848,1.31257883257155,0.673169714239581,0.781306816338717,1.12805194135678,1.44685779030357,1.43290345727388,0.97209522088912,0.797661681267588,1.17899865990427,0.6075893394455,0.751269575980647,1.50147354191092,1.2480556960955,1.35763844948184,1.38133417752494,0.952793789169906,1.339342042179,0.544956964048712,1.16711291817871,1.09030594241728,0.935292350434853,0.713287350329726,1.02625322651972,1.44229440933947,0.584788319030001,1.42592629192319,1.31140389580202,0.609948011188923,0.740356983225017,0.824698536963357,0.939548536510362,1.24223441917372,0.967410131897001,0.887756115364997,1.25089572028179]
SaccadeRandomization:[1,1,3,0,0,1,3,3,1,3,3,0,1,2,1,2,0,2,3,0,0,3,1,0,0,2,1,2,3,3,0,3,1,0,2,2,0,1,0,2,2,1,1,0,2,2,0,2,0,2,1,1,3,3,3,2,1,2,3,3,3,3,2,0,2,1,0,1,3,3,0,2,0,2,1,2,0,3,3,1,2,1,0,1,0,1,0,2,3,1,2,0,2,1,1,2,2,1,2,0,0,0,0,1,2,3,3,2,0,1,1,2,1,3,3,3,3,3,3,0,3,0,0,2,1,2,3,0,2,2,1,1,3,0,2,2,1,3,1,1,3,0,0,2,3,0,1,3,0,2,0,3,3,1,0,1,0,0,3,1,0,2,3,2,2,1,0,2,1,2,1,3,3,3,2,1,3,0,1,2,2,2,3,3,0,0,1,3,0,3,3,1,0,3,0,3,2,3,3,1,3,2,1,1,2,0,0,3,2,0,0,1,1,3,1,2,1,3,1,2,1,3,2,3,0,1,2,0,1,2,0,0,0,1,0,2,2,2,2,1]
cost:1
reward:0
reward_amount:[0.5,0.5,0.5,0.5,0.5,0.5,0.5,0.5,0.5,0.5,0.5,0.5,0.5,0.5,0.5,0.5,0.5,0.5,0.5,0.5,0.5,0.5,0.5,0.5,0.5,0.5,0.5,0.5,0.5,0.5,0.5,0.5,0.5,0.5,0.5,0.5,0.5,0.5,0.5,0.5,0.5,0.5,0.5,0.5,0.5,0.5,0.5,0.5,0.5,0.5,0.5,0.5,0.5,0.5,0.5,0.5,0.5,0.5,0.5,0.5,0.5,0.5,0.5,0.5,0.5,0.5,0.5,0.5,0.5,0.5,0.5,0.5]
