decision:1
size:0
numberOfTrials:12
numberOfBlocks:6
numberOfInstances:36
numberOfSaccadeTrials:60
numberOfSaccadeBlocks:4
cost_digits:[145630,324618,3,629834,547039,8,502816,1,723168,8,4,709483,8,3,590421,538692,843579,2,945283,861904,632781,5,659410,534986,9,482601,8,6,6,934510,836045,5,2,3,1,9,6,806134,367509,7,289103,6,480597,8,6,537812,9,8,9,8,958672,7,926830,635829,3,7,2,276315,6,841923,250789,350628,895342,174835,780235,1,194876,8,367528,968572,2,1]
instanceRandomization:[8,33,24,36,28,4,26,23,20,15,14,1,27,5,10,29,16,21,32,22,25,35,31,13,34,12,6,19,3,11,2,9,18,7,17,30,31,21,3,20,23,1,34,36,2,17,25,10,32,22,15,11,7,6,8,33,13,18,29,27,30,5,9,19,35,12,24,28,4,14,26,16]
ITI:[7,6,7,5,6,5,5,6,7,6,5,7,6,7,6,6,7,6,7,5,5,5,7,5,7,7,5,5,6,5,5,6,6,7,6,7,6,6,5,7,5,5,7,7,6,5,7,6,5,6,5,5,5,6,7,7,6,7,7,6,7,7,5,5,6,5,7,5,6,6,6,7]
SaccadeITI:[0.859020398421368,1.27941333451696,0.575176441300816,0.855571095556176,1.01983054769613,1.34280242929623,1.36121656834536,1.06784977177546,1.03328363127463,0.675426723392835,0.70519337123648,0.741288754580698,0.895384168442494,1.1653127113396,0.971439919624633,1.38193880273417,1.04943126994573,1.15672120633923,0.890849066855541,1.06493870583751,1.08703632671774,0.794888953635624,0.737607455304048,0.575170240787944,1.36542079896123,1.14515145863794,1.27846302390487,0.72797887372241,1.43093556906485,0.807337285209602,0.922616344833902,1.22586237076127,1.34405972897463,0.649661125805384,1.16260418850385,1.41497144680858,0.752188981700844,0.90942929215186,0.519773554247028,0.847877909619516,1.08152423212693,1.02076703771406,1.49105848949791,1.28471737467141,0.859493074430308,1.48179074535534,0.576418030033043,0.924650866495601,0.646695492280802,1.0932160720268,0.664686354532993,1.13647693577611,1.28974087625199,0.707230479413799,0.675104712093404,0.707489541689089,0.815026269018805,1.27587214340844,1.16387361702897,1.31304380828903]
SaccadeRandomization:[0,2,3,3,1,2,1,2,0,3,1,3,2,2,0,3,1,3,1,1,3,0,0,0,2,0,0,3,2,3,3,1,0,1,2,0,0,1,3,1,3,0,0,2,3,1,1,2,2,2,0,2,2,0,3,2,1,1,1,3,2,2,0,3,0,3,2,1,0,2,0,0,3,1,2,1,2,0,1,3,3,0,3,2,1,2,2,2,2,3,1,1,0,3,2,1,3,3,2,1,1,3,3,2,1,1,3,3,0,0,0,0,0,2,1,1,1,3,0,0,3,3,3,2,0,0,2,0,3,3,3,2,2,0,1,1,1,3,2,2,1,2,3,3,0,2,2,1,0,1,2,0,0,0,1,1,3,2,0,1,0,1,3,2,1,3,1,1,0,0,2,3,1,2,0,3,1,3,0,2,2,3,2,3,1,0,2,1,3,0,1,0,0,3,3,2,1,2,1,0,2,2,1,0,0,1,1,2,2,3,0,1,2,0,0,0,3,0,3,0,3,3,2,3,3,2,1,1,1,0,1,3,1,2,1,2,2,3,0,3]
cost:1
reward:0
reward_amount:[0.5,0.5,0.5,0.5,0.5,0.5,0.5,0.5,0.5,0.5,0.5,0.5,0.5,0.5,0.5,0.5,0.5,0.5,0.5,0.5,0.5,0.5,0.5,0.5,0.5,0.5,0.5,0.5,0.5,0.5,0.5,0.5,0.5,0.5,0.5,0.5,0.5,0.5,0.5,0.5,0.5,0.5,0.5,0.5,0.5,0.5,0.5,0.5,0.5,0.5,0.5,0.5,0.5,0.5,0.5,0.5,0.5,0.5,0.5,0.5,0.5,0.5,0.5,0.5,0.5,0.5,0.5,0.5,0.5,0.5,0.5,0.5]
