decision:1
size:0
numberOfTrials:12
numberOfBlocks:6
numberOfInstances:36
numberOfSaccadeTrials:60
numberOfSaccadeBlocks:4
cost_digits:[367509,2,7,709483,9,9,4,3,8,289103,3,8,934510,861904,324618,367528,1,836045,276315,629834,8,958672,3,945283,806134,6,1,5,537812,841923,174835,2,538692,632781,3,5,480597,1,547039,350628,895342,968572,8,8,250789,6,6,723168,635829,7,482601,2,6,2,780235,659410,6,843579,590421,502816,1,8,8,7,8,9,194876,6,9,534986,926830,145630]
instanceRandomization:[3,13,20,1,34,30,14,5,10,23,24,28,11,22,33,4,16,2,18,36,6,15,7,32,21,31,12,35,17,27,19,26,29,25,8,9,34,17,28,5,9,14,22,15,30,3,29,20,6,11,12,21,19,18,35,31,2,16,10,26,23,27,36,33,4,32,24,1,25,13,7,8]
ITI:[6,5,7,5,7,5,5,6,6,7,6,7,7,6,6,5,7,5,7,5,7,6,6,5,5,7,7,5,6,5,7,5,6,6,6,7,5,7,7,7,5,5,7,6,5,6,6,6,6,7,6,5,7,7,7,6,6,5,5,5,7,7,6,6,7,6,5,5,5,7,5,6]
SaccadeITI:[0.53167675016836,0.746288995495221,0.632196067836291,0.816614257641292,0.807253168201229,1.28431195207328,0.840536961801505,0.896473314151323,0.551784423649466,1.43970465241388,0.918707163775495,1.40408533485994,0.563996467277563,0.767794833289615,0.793383644199154,1.31266435981185,0.656799596738226,0.549370292810878,0.583701055500812,1.15610681986824,0.820912373023263,0.962468737041733,0.855336434211737,1.17667367426135,0.638766903899765,1.2772879952138,1.43671117630244,1.37138426327535,0.928750517781979,1.07923309738204,0.595802775820872,0.650993049847117,0.989108607409677,1.1936917833557,1.35316318390348,1.23774364544467,1.4805973486548,0.902912303343571,1.31846089708076,1.45100393356212,0.794529437091357,0.769876093607551,0.849106093174002,1.0834788342511,1.47200854774953,1.52410579985396,1.32831182517499,1.07899076934361,1.04883690458179,0.553131563592857,0.897042516855678,1.39518488105775,1.25927976449408,0.984005274254984,0.879824700303531,1.02828915976376,1.31724996725485,0.741517201302728,1.38913993025587,0.631637923656187]
SaccadeRandomization:[2,0,2,3,2,1,1,3,1,3,2,0,0,1,0,1,1,0,2,1,3,0,0,0,2,0,2,0,3,3,1,2,3,3,0,1,0,0,2,3,0,3,3,2,1,3,1,0,2,3,2,1,2,2,1,3,3,2,1,1,2,2,3,1,3,0,1,2,0,3,1,0,1,3,2,1,2,3,0,0,1,3,0,1,1,3,0,1,1,0,3,1,3,3,0,3,1,1,2,2,3,2,3,2,2,1,0,2,0,2,0,0,2,2,0,0,3,3,1,2,2,0,1,3,1,2,3,3,0,1,2,0,3,2,1,2,0,0,3,1,2,0,2,1,3,0,3,3,1,1,2,2,0,1,2,0,1,2,2,0,1,1,1,2,0,0,2,3,3,3,3,0,2,0,0,3,1,3,3,1,0,3,3,3,0,1,2,1,2,2,3,2,1,1,0,2,2,0,0,2,1,3,0,1,1,2,3,0,2,2,3,2,0,3,1,0,0,3,2,0,2,0,3,1,2,0,1,0,1,0,1,3,2,3,1,1,3,3,3,1]
cost:1
reward:0
reward_amount:[0.5,0.5,0.5,0.5,0.5,0.5,0.5,0.5,0.5,0.5,0.5,0.5,0.5,0.5,0.5,0.5,0.5,0.5,0.5,0.5,0.5,0.5,0.5,0.5,0.5,0.5,0.5,0.5,0.5,0.5,0.5,0.5,0.5,0.5,0.5,0.5,0.5,0.5,0.5,0.5,0.5,0.5,0.5,0.5,0.5,0.5,0.5,0.5,0.5,0.5,0.5,0.5,0.5,0.5,0.5,0.5,0.5,0.5,0.5,0.5,0.5,0.5,0.5,0.5,0.5,0.5,0.5,0.5,0.5,0.5,0.5,0.5]
