decision:1
size:0
numberOfTrials:12
numberOfBlocks:6
numberOfInstances:36
numberOfSaccadeTrials:60
numberOfSaccadeBlocks:4
cost_digits:[968572,502816,7,538692,8,7,3,6,8,659410,482601,6,8,276315,9,9,367509,629834,9,534986,1,843579,806134,537812,8,8,145630,547039,324618,5,367528,9,194876,6,350628,5,590421,3,836045,2,8,780235,4,3,480597,2,1,841923,8,6,289103,934510,926830,7,1,3,709483,632781,2,895342,8,861904,174835,945283,635829,1,958672,2,723168,6,6,250789]
instanceRandomization:[14,26,11,29,6,20,7,19,27,31,12,1,10,18,30,34,3,36,25,13,23,16,21,17,22,15,8,28,33,9,4,32,24,2,5,35,10,24,2,18,4,35,14,5,34,13,16,27,28,31,23,11,7,33,12,8,1,25,21,9,36,22,19,32,6,17,15,26,20,29,3,30]
ITI:[5,7,5,6,7,6,7,6,5,6,5,7,5,5,6,5,6,6,7,7,6,5,7,7,5,6,6,7,5,6,5,6,7,5,7,7,7,5,5,7,6,5,6,6,5,7,6,7,5,6,7,6,5,7,6,6,7,5,7,5,6,7,7,5,6,5,6,5,7,6,7,5]
SaccadeITI:[1.44105093845865,1.12897836127086,0.716304603859317,0.914107092318591,0.763523841404822,1.09172429296887,0.847112639935222,1.47695331963478,1.07874927100493,1.49334384839749,1.02012629703386,1.27087465500226,0.5307862128946,0.61209106760798,0.937759512697812,1.09427789890906,1.17584463920211,1.09010856192326,1.29018642556621,0.889556718652602,1.10730437411694,0.988446993182879,0.743375512666535,0.583263201534282,0.583023217401933,0.641635544726159,0.927869885822292,1.29799032945884,1.34944542812882,1.26944757521851,0.932826949644368,1.39425277652917,1.16450088903075,0.519958461762872,0.687604763905983,0.953006100968923,1.10459571181564,1.22510807857616,1.0972802395816,0.745950900379103,0.912675579672214,0.660107291198801,0.557726743991952,1.48533983425004,0.882423678773921,1.20521037596045,1.33158863418503,1.1768292099121,1.27998489410384,0.911053066502791,1.48218069168506,0.816288752609398,0.894653918815311,1.09700492945267,1.04754647043301,0.766012248245534,0.518263542454224,0.88564225275768,0.941229715605732,0.967891036195215]
SaccadeRandomization:[1,1,2,3,0,3,0,0,0,1,3,2,1,3,1,2,3,3,2,0,3,3,2,0,0,0,0,1,0,1,1,2,2,0,2,2,2,2,3,0,1,1,3,3,1,1,3,3,2,0,3,1,0,1,3,2,2,0,1,2,1,2,0,2,0,3,0,3,3,3,3,2,0,1,2,1,2,1,2,3,0,1,1,0,3,1,2,3,1,2,1,0,1,2,0,3,1,3,0,3,2,2,2,1,0,3,1,2,0,1,0,3,0,1,3,0,0,2,3,2,0,3,2,2,1,2,1,0,0,0,3,3,0,0,0,0,0,1,3,0,0,3,0,2,3,3,1,3,2,2,1,3,1,0,2,2,1,3,2,3,2,1,0,2,1,2,1,1,3,0,2,2,1,2,3,1,3,3,1,1,0,1,3,2,2,3,2,2,1,3,3,3,3,3,3,3,1,2,1,1,0,2,3,2,1,0,0,2,0,1,0,0,0,1,3,0,3,1,2,2,0,3,1,3,0,3,1,1,2,0,1,0,2,2,1,2,2,0,1,0]
cost:1
reward:0
reward_amount:[0.5,0.5,0.5,0.5,0.5,0.5,0.5,0.5,0.5,0.5,0.5,0.5,0.5,0.5,0.5,0.5,0.5,0.5,0.5,0.5,0.5,0.5,0.5,0.5,0.5,0.5,0.5,0.5,0.5,0.5,0.5,0.5,0.5,0.5,0.5,0.5,0.5,0.5,0.5,0.5,0.5,0.5,0.5,0.5,0.5,0.5,0.5,0.5,0.5,0.5,0.5,0.5,0.5,0.5,0.5,0.5,0.5,0.5,0.5,0.5,0.5,0.5,0.5,0.5,0.5,0.5,0.5,0.5,0.5,0.5,0.5,0.5]
