decision:1
size:0
numberOfTrials:12
numberOfBlocks:6
numberOfInstances:36
numberOfSaccadeTrials:60
numberOfSaccadeBlocks:4
cost_digits:[2,367509,1,2,8,194876,538692,8,5,8,367528,709483,250789,547039,7,3,1,145630,8,6,659410,8,843579,324618,534986,8,482601,9,4,350628,895342,6,7,480597,276315,945283,8,590421,926830,836045,6,5,289103,6,2,7,2,1,806134,9,3,968572,723168,537812,3,934510,629834,8,841923,9,6,174835,9,502816,6,780235,958672,3,635829,632781,1,861904]
instanceRandomization:[26,3,23,21,22,24,29,15,35,27,4,1,30,28,20,7,17,8,6,2,31,10,16,33,13,36,12,25,14,5,9,19,11,34,18,32,28,10,7,2,1,9,23,31,13,33,18,12,21,30,24,14,20,17,5,11,36,4,27,34,3,19,32,26,29,35,15,8,6,25,16,22]
ITI:[5,5,6,6,6,6,5,5,7,7,7,7,6,5,6,6,5,7,7,5,7,5,7,6,7,7,6,5,6,7,5,7,6,5,6,5,7,5,7,6,5,5,6,5,7,6,7,6,7,6,7,5,6,5,5,6,7,5,7,6,6,5,6,7,7,5,7,5,7,6,5,6]
SaccadeITI:[1.42899947131518,1.28826250375714,1.08590377268847,1.3212290288182,0.754285869025625,1.35680204031523,0.542389263003133,1.12815451303031,1.35145529040601,1.09761573311407,0.79840514396783,1.39366396127734,1.37006624166388,1.4379505865043,0.673604337568395,1.18020904141013,0.536462599947117,0.860329690459184,0.858063345612027,1.40925262060482,1.38234035840724,1.11199605402071,1.3974096498685,1.45779102139641,0.912261777394451,0.667631244356744,0.553304561716504,0.486781342723407,0.590734504000284,1.21626229591202,0.863405672437511,0.703970555751585,0.902984387311153,1.16004399636295,0.713689266308211,1.08956276166718,0.927077452722006,0.563851661351509,0.576894479407929,1.15393718199339,0.938501821667887,0.692911041737534,0.812548428843729,0.872386367828585,0.861779356445186,1.09964757256676,1.15516838252079,0.858775852085091,1.41579910723958,0.802191329025663,0.949355617933907,1.11961354997475,1.13870576450136,1.09598832747433,1.07006691170391,1.10183369957376,0.803591020940803,1.07013010077644,1.09635928210337,0.739611185458489]
SaccadeRandomization:[1,3,1,1,2,2,3,1,0,0,2,2,1,1,0,0,3,1,0,3,2,1,0,2,0,2,2,3,3,3,3,0,2,1,1,0,0,1,1,3,2,2,3,3,0,1,2,3,0,0,2,2,0,3,1,1,2,3,3,0,3,2,2,2,0,1,1,0,0,0,2,3,3,2,0,0,3,0,1,1,3,2,2,0,0,3,3,3,1,2,0,0,1,3,1,2,3,1,2,2,3,2,2,1,2,3,3,3,0,1,1,1,3,1,1,0,1,0,2,0,0,2,3,2,0,0,0,2,2,3,3,2,1,1,0,1,1,1,2,3,2,3,3,0,1,2,1,2,3,0,0,1,1,3,0,2,1,3,0,2,3,1,2,1,3,1,2,0,0,2,1,3,3,0,0,3,3,2,0,1,1,1,2,0,3,3,2,1,1,1,0,1,1,3,0,3,2,0,1,1,1,2,3,2,1,1,2,2,3,1,3,2,0,3,1,2,0,0,2,0,0,3,0,0,0,3,0,2,2,3,1,2,2,0,2,3,3,3,0,3]
cost:1
reward:0
reward_amount:[0.5,0.5,0.5,0.5,0.5,0.5,0.5,0.5,0.5,0.5,0.5,0.5,0.5,0.5,0.5,0.5,0.5,0.5,0.5,0.5,0.5,0.5,0.5,0.5,0.5,0.5,0.5,0.5,0.5,0.5,0.5,0.5,0.5,0.5,0.5,0.5,0.5,0.5,0.5,0.5,0.5,0.5,0.5,0.5,0.5,0.5,0.5,0.5,0.5,0.5,0.5,0.5,0.5,0.5,0.5,0.5,0.5,0.5,0.5,0.5,0.5,0.5,0.5,0.5,0.5,0.5,0.5,0.5,0.5,0.5,0.5,0.5]
