decision:1
size:0
numberOfTrials:12
numberOfBlocks:6
numberOfInstances:36
numberOfSaccadeTrials:60
numberOfSaccadeBlocks:4
cost_digits:[538692,7,367528,480597,9,8,1,350628,502816,926830,659410,1,895342,6,8,806134,4,8,6,145630,8,629834,709483,780235,9,194876,934510,367509,289103,7,547039,2,2,1,8,9,534986,6,632781,6,6,276315,7,9,5,723168,841923,2,2,635829,6,8,1,8,250789,324618,590421,958672,537812,3,8,3,843579,3,174835,482601,945283,861904,836045,5,3,968572]
instanceRandomization:[29,20,4,34,30,10,16,5,26,7,31,17,9,19,27,21,14,22,2,8,15,36,1,35,32,24,11,3,23,33,28,13,18,12,6,25,13,3,25,1,31,18,11,34,35,20,27,21,26,6,29,4,23,36,30,33,10,15,17,7,28,8,16,5,19,12,32,22,2,9,24,14]
ITI:[5,7,6,5,7,5,6,7,6,5,6,7,7,6,5,7,7,5,6,6,5,5,6,7,5,7,6,7,5,6,5,7,6,7,6,5,6,6,5,5,5,7,7,5,7,6,6,7,6,6,5,5,6,7,7,6,5,7,7,5,6,7,6,7,5,5,5,6,6,7,5,7]
SaccadeITI:[0.756059287926958,1.07898023270148,0.739437198146091,1.34062560775395,0.783989332496033,1.09897181868631,0.807605705103682,1.3637601620246,1.22409507596943,1.24878808541301,1.0468439581998,0.763758818265827,1.07802423403676,0.647477526097403,1.12850780121128,0.9706925210737,1.02549001399505,1.44813344988118,1.38111370184536,0.651454785951258,0.697996501923383,0.83538211567405,0.899768847386197,1.05384384432885,0.765601071874456,1.33703100669275,0.577432804155008,0.886865625968979,1.41260817658234,1.493786060131,1.24757814581584,1.14547272293906,1.2812898339432,0.521724761343406,0.567741796952517,1.37585660803209,0.95139145582992,1.15117551490742,0.57233969901766,1.35350640897717,1.31299831217232,1.00117732036936,1.43530036171045,0.734846195318581,0.563409428457574,1.35118322667743,0.522117630458282,1.45894962164651,1.26770998222831,0.718657668559657,0.530556440698759,1.2615435527366,0.575424139966102,0.670404309286581,0.561852769107403,0.826470147698031,0.764696159745411,1.49424990417513,1.47309810935597,0.763152400377051]
SaccadeRandomization:[1,2,0,3,1,1,0,0,3,1,1,2,3,3,1,1,2,0,1,1,0,2,2,3,3,3,3,2,2,2,2,3,0,3,0,3,0,2,2,0,2,0,3,3,0,2,3,1,1,1,0,0,0,2,1,1,1,3,2,0,3,1,1,1,0,2,2,2,3,0,1,1,0,3,3,2,3,3,1,1,3,0,0,2,1,3,1,0,3,2,1,3,1,3,2,2,2,2,0,2,3,3,2,3,0,2,0,2,0,0,3,1,0,1,0,0,2,1,1,0,0,2,1,0,0,2,1,2,3,1,2,2,3,0,3,0,3,0,1,1,2,2,3,1,0,1,2,1,2,3,0,3,2,3,1,1,2,1,3,2,0,1,1,0,0,3,1,3,2,0,0,0,1,0,3,3,3,2,2,3,2,3,1,0,3,0,1,2,3,2,2,3,2,3,0,0,0,3,3,2,0,3,1,1,1,1,0,2,3,3,0,0,1,2,1,2,2,3,1,0,2,2,3,0,3,1,0,2,2,0,1,3,3,1,1,1,1,0,0,2]
cost:1
reward:0
reward_amount:[0.5,0.5,0.5,0.5,0.5,0.5,0.5,0.5,0.5,0.5,0.5,0.5,0.5,0.5,0.5,0.5,0.5,0.5,0.5,0.5,0.5,0.5,0.5,0.5,0.5,0.5,0.5,0.5,0.5,0.5,0.5,0.5,0.5,0.5,0.5,0.5,0.5,0.5,0.5,0.5,0.5,0.5,0.5,0.5,0.5,0.5,0.5,0.5,0.5,0.5,0.5,0.5,0.5,0.5,0.5,0.5,0.5,0.5,0.5,0.5,0.5,0.5,0.5,0.5,0.5,0.5,0.5,0.5,0.5,0.5,0.5,0.5]
