decision:1
size:0
numberOfTrials:12
numberOfBlocks:6
numberOfInstances:36
numberOfSaccadeTrials:60
numberOfSaccadeBlocks:4
cost_digits:[1,709483,367528,2,8,7,250789,1,502816,534986,723168,635829,7,843579,3,8,5,480597,6,841923,350628,9,3,538692,1,836045,145630,659410,629834,632781,8,4,5,6,8,276315,174835,861904,324618,537812,806134,289103,1,367509,780235,895342,482601,8,6,6,9,968572,945283,3,547039,9,958672,2,7,2,8,2,8,6,9,590421,6,8,194876,3,926830,934510]
instanceRandomization:[23,1,4,21,10,33,30,17,26,13,20,6,11,16,7,28,35,34,19,27,5,32,24,29,12,2,8,31,36,25,15,14,9,3,22,18,19,22,33,17,21,23,16,3,35,9,12,6,29,2,25,14,32,5,28,30,15,18,20,13,36,26,4,31,34,10,1,27,24,8,7,11]
ITI:[7,6,7,5,7,6,6,7,5,6,5,5,5,5,5,7,6,6,6,7,7,6,7,5,6,7,5,7,6,5,6,6,7,5,5,7,7,6,7,5,6,5,7,6,5,5,7,6,7,6,5,5,5,7,6,7,7,6,5,6,7,7,5,7,7,5,6,5,5,6,6,6]
SaccadeITI:[1.40523783087265,0.585040010674857,0.841961162094958,0.969060603459366,1.33820054952521,1.12653255618643,0.485783295868896,1.43210249317344,0.977555700507946,1.29042458108161,0.817509504896589,1.19367211747449,1.31895788635593,0.776336840982549,1.1843566409545,1.03739651332144,0.61841521684546,1.18924642417114,1.07443264422473,1.12173536925111,0.753482133080251,0.658820613450371,0.776620296691544,1.09817762339953,0.798627857281826,1.02054294261616,0.922946875845082,0.504709244635887,0.648119470267557,0.643958402960561,0.879696431267075,1.07476405815687,1.15536436245311,0.973365506553091,0.932453576638363,1.14408561114687,0.845996325300075,1.1921875767177,1.35335939999204,1.07195280648302,0.732685258775018,0.90790085347835,0.766067719017155,1.45533187470865,1.16757850435097,0.79460310137365,0.507170085259713,1.25383247381542,1.10187354490627,1.2315757865319,0.780626001697965,1.26061859044712,0.875302561488934,1.38253105634358,1.28276986691635,1.39464020745363,1.4195440576179,0.610897942143492,0.554392236913554,1.28686921990011]
SaccadeRandomization:[2,2,1,2,1,3,0,0,2,2,1,2,2,0,0,0,0,2,3,1,3,0,3,2,0,3,3,1,2,1,0,1,3,3,1,0,0,3,2,1,0,2,3,0,2,1,3,1,1,3,3,1,3,1,3,0,2,2,0,1,2,3,3,2,2,3,3,1,2,0,3,2,0,0,1,3,1,0,0,1,1,2,2,2,3,3,1,3,0,2,0,3,2,2,1,0,3,1,3,1,3,0,2,1,0,0,2,1,1,0,2,1,3,2,1,1,0,0,3,0,1,0,3,2,1,3,0,3,2,2,3,3,2,3,1,3,2,1,1,1,0,2,0,3,2,3,2,2,0,0,2,1,2,0,0,0,3,2,1,0,1,1,1,3,0,1,1,0,3,0,0,3,1,3,1,2,0,2,3,2,1,1,0,0,0,3,1,2,3,3,2,2,1,2,0,1,3,2,3,1,0,0,3,0,3,1,1,2,2,1,0,2,1,3,2,1,3,3,2,1,3,1,3,2,0,0,0,2,1,0,3,3,3,2,0,2,0,1,2,0]
cost:1
reward:0
reward_amount:[0.5,0.5,0.5,0.5,0.5,0.5,0.5,0.5,0.5,0.5,0.5,0.5,0.5,0.5,0.5,0.5,0.5,0.5,0.5,0.5,0.5,0.5,0.5,0.5,0.5,0.5,0.5,0.5,0.5,0.5,0.5,0.5,0.5,0.5,0.5,0.5,0.5,0.5,0.5,0.5,0.5,0.5,0.5,0.5,0.5,0.5,0.5,0.5,0.5,0.5,0.5,0.5,0.5,0.5,0.5,0.5,0.5,0.5,0.5,0.5,0.5,0.5,0.5,0.5,0.5,0.5,0.5,0.5,0.5,0.5,0.5,0.5]
