decision:1
size:0
numberOfTrials:12
numberOfBlocks:6
numberOfInstances:36
numberOfSaccadeTrials:60
numberOfSaccadeBlocks:4
cost_digits:[9,174835,9,6,480597,350628,8,1,250789,7,194876,3,841923,709483,843579,145630,2,324618,5,895342,367528,8,537812,8,2,8,723168,8,367509,806134,6,2,482601,6,968572,8,632781,7,276315,4,6,502816,6,1,945283,3,861904,2,3,629834,659410,5,289103,3,1,547039,8,780235,836045,926830,534986,538692,9,6,934510,8,7,635829,590421,1,9,958672]
instanceRandomization:[25,19,32,31,34,5,10,23,30,11,24,7,27,1,16,8,18,33,35,9,4,15,17,22,26,28,20,6,3,21,29,13,12,2,14,36,25,33,18,14,1,26,19,16,32,8,22,21,5,36,31,9,23,24,12,28,4,35,2,7,13,29,30,3,11,27,20,6,10,17,34,15]
ITI:[6,5,6,5,7,6,7,6,7,5,7,5,5,6,7,5,7,6,5,5,7,7,6,6,6,7,6,7,6,5,5,5,7,5,7,6,5,5,7,7,5,6,6,6,6,7,5,7,5,7,6,7,5,6,5,7,6,6,5,7,7,6,6,5,5,6,6,7,5,7,5,7]
SaccadeITI:[1.05029147225432,1.35610242201947,0.886220812937245,0.934882352733985,1.14442628822289,1.4028332979884,1.39473547148518,0.480639095092192,1.39358782130294,0.965425530588254,0.806289704423398,0.726577153336257,0.778812597412616,0.674447063496336,1.43638671855442,1.21496155103669,1.26744817141443,0.766871714172885,1.23608933193609,0.561930926190689,1.18364743390121,0.66342712813057,0.622359816823155,1.19641988319345,1.22218193686567,1.21373064061627,1.07371757635847,1.41674026325345,1.31532334527001,1.01510711587034,1.44027300449088,1.06491694706492,1.0485504264012,0.693970473390073,0.602487702295184,1.02073433171026,0.761074053496122,0.77484541842714,1.07936872998253,0.546963669965044,0.972964995913208,1.29636982213706,1.4264513395261,0.691504284180701,1.14624462663196,0.560203649709001,0.479331417381764,1.14782681539655,0.965739529952407,1.14899917473085,1.42207875419408,0.81396054700017,1.12269794465974,0.953732426650822,0.752772853849456,0.847298857429996,0.797936528362334,1.14752954654396,0.672274448582903,1.19928304306231]
SaccadeRandomization:[0,2,3,0,1,3,2,1,2,1,2,3,3,3,2,2,1,3,2,0,0,1,3,3,3,3,2,1,2,1,0,3,0,2,0,1,1,3,1,0,1,2,1,0,0,3,1,2,2,3,1,2,2,0,1,0,0,0,3,0,0,3,3,1,0,0,3,3,3,3,0,0,1,1,3,3,0,2,2,2,3,0,2,0,0,2,0,3,2,3,0,2,1,1,1,1,1,3,3,1,0,1,2,0,2,2,2,0,2,1,2,2,0,1,2,3,1,1,3,1,0,3,3,1,1,0,3,2,3,3,1,2,1,3,3,3,0,2,0,1,2,3,0,3,0,0,1,1,3,1,1,0,2,2,0,3,3,2,1,2,0,2,1,3,0,2,0,0,1,1,2,1,0,2,0,1,2,2,2,3,0,1,0,3,0,3,2,1,2,0,3,3,0,2,1,3,3,1,1,1,2,1,0,2,1,2,3,1,0,1,0,0,1,0,0,2,3,3,0,3,2,3,2,1,0,3,2,2,0,1,1,0,1,3,2,3,3,2,2,2]
cost:1
reward:0
reward_amount:[0.5,0.5,0.5,0.5,0.5,0.5,0.5,0.5,0.5,0.5,0.5,0.5,0.5,0.5,0.5,0.5,0.5,0.5,0.5,0.5,0.5,0.5,0.5,0.5,0.5,0.5,0.5,0.5,0.5,0.5,0.5,0.5,0.5,0.5,0.5,0.5,0.5,0.5,0.5,0.5,0.5,0.5,0.5,0.5,0.5,0.5,0.5,0.5,0.5,0.5,0.5,0.5,0.5,0.5,0.5,0.5,0.5,0.5,0.5,0.5,0.5,0.5,0.5,0.5,0.5,0.5,0.5,0.5,0.5,0.5,0.5,0.5]
