decision:1
size:0
numberOfTrials:12
numberOfBlocks:6
numberOfInstances:36
numberOfSaccadeTrials:60
numberOfSaccadeBlocks:4
cost_digits:[7,6,6,3,3,9,9,8,590421,502816,2,841923,8,2,2,350628,723168,8,780235,174835,6,861904,9,6,537812,895342,659410,945283,8,926830,843579,324618,547039,289103,1,968572,958672,6,538692,1,1,7,367528,5,8,709483,534986,4,250789,1,276315,145630,6,8,482601,9,934510,629834,632781,480597,806134,194876,7,367509,8,2,3,836045,635829,5,3,8]
instanceRandomization:[11,29,3,8,24,30,34,36,10,26,21,27,4,13,18,5,20,15,35,19,1,22,25,2,17,9,31,32,6,7,16,33,28,23,12,14,15,19,29,17,16,20,4,9,28,1,13,14,30,23,18,8,31,27,12,32,11,36,25,34,21,24,33,3,22,26,7,2,6,35,5,10]
ITI:[5,6,7,7,6,7,6,5,7,5,5,6,6,6,7,6,5,7,6,7,5,5,5,7,5,6,5,5,7,6,5,6,7,6,7,7,5,6,6,7,5,7,6,7,7,5,5,6,5,7,7,6,6,7,6,5,7,5,5,6,5,7,6,5,5,5,7,6,6,7,6,7]
SaccadeITI:[1.47146046184935,0.672304422361776,1.0285233987961,0.779969374183565,1.35464121308178,0.916587906656787,0.896936297183856,0.575908584054559,0.746904256287962,0.719897358911112,1.27421061089262,0.800357398111373,1.44845546665601,0.852746682940051,0.885023586917669,0.928482156945392,1.16818726295605,1.00002707960084,0.785506852436811,1.24653791682795,0.678601505002007,0.698415647959337,1.47251740703359,1.43078521569259,0.603001635754481,0.831651198212057,0.565856888191774,0.69105119118467,1.2775926112663,1.44211745983921,0.856636428274214,0.882781291846186,1.40280557214282,0.989376069745049,0.864113599993289,0.542218273272738,0.776520962361246,1.21312116691843,1.1121687325649,0.592831894522533,0.666575577110052,0.77175657521002,1.1612671231851,1.34090881817974,0.618850667960942,1.26750715891831,1.34689440322109,1.17806472931989,1.43913410021923,0.797824452165514,1.06323753437027,0.785030004801229,1.3564317561686,1.27423416241072,0.904849365120754,1.50853495998308,1.20197993447073,1.13209095736966,0.622918041888624,1.08507663849741]
SaccadeRandomization:[3,0,0,0,3,0,1,0,1,0,0,2,3,1,2,0,2,2,0,1,2,0,2,1,1,2,3,3,1,1,1,3,2,3,3,3,2,0,1,0,2,3,1,0,3,0,1,3,3,2,3,2,3,1,1,0,2,1,2,2,2,1,1,0,0,2,1,0,3,3,1,3,0,0,3,1,0,2,3,2,2,1,1,2,0,3,1,0,3,2,2,2,1,2,2,2,1,3,3,1,1,3,1,0,0,1,0,0,1,2,2,3,0,2,0,3,0,3,3,3,0,1,3,2,3,0,0,3,3,2,1,1,3,3,2,2,2,0,0,1,1,0,1,3,1,0,2,3,1,2,3,3,1,0,1,0,1,2,0,2,3,3,3,2,3,2,0,0,1,2,1,0,1,0,2,2,1,0,2,3,0,0,2,0,2,3,1,1,1,2,2,2,1,0,3,3,2,2,1,0,0,2,1,1,1,0,3,3,1,0,2,3,3,1,1,3,0,3,2,2,2,3,3,2,3,3,1,0,1,0,1,0,2,3,3,0,0,2,0,1]
cost:1
reward:0
reward_amount:[0.5,0.5,0.5,0.5,0.5,0.5,0.5,0.5,0.5,0.5,0.5,0.5,0.5,0.5,0.5,0.5,0.5,0.5,0.5,0.5,0.5,0.5,0.5,0.5,0.5,0.5,0.5,0.5,0.5,0.5,0.5,0.5,0.5,0.5,0.5,0.5,0.5,0.5,0.5,0.5,0.5,0.5,0.5,0.5,0.5,0.5,0.5,0.5,0.5,0.5,0.5,0.5,0.5,0.5,0.5,0.5,0.5,0.5,0.5,0.5,0.5,0.5,0.5,0.5,0.5,0.5,0.5,0.5,0.5,0.5,0.5,0.5]
