decision:1
size:0
numberOfTrials:12
numberOfBlocks:6
numberOfInstances:36
numberOfSaccadeTrials:60
numberOfSaccadeBlocks:4
cost_digits:[502816,194876,7,723168,8,8,3,3,836045,8,934510,8,895342,9,9,1,250789,629834,174835,367509,1,926830,1,6,841923,968572,9,709483,2,780235,276315,635829,6,2,1,367528,482601,958672,6,534986,5,659410,480597,590421,7,6,8,6,145630,2,3,538692,8,8,289103,547039,632781,945283,8,2,861904,537812,7,9,4,3,324618,350628,5,806134,6,843579]
instanceRandomization:[26,24,33,20,10,28,8,5,2,22,11,15,9,25,34,17,30,36,19,3,23,7,12,29,27,14,32,1,21,35,18,6,31,13,16,4,12,15,19,13,35,31,34,10,20,2,4,1,8,26,24,29,27,6,23,28,25,32,36,18,22,17,11,30,14,7,33,5,9,21,3,16]
ITI:[5,6,7,6,5,6,5,5,7,7,7,6,5,7,5,7,5,5,7,6,6,6,7,6,5,7,5,6,6,6,6,7,7,5,5,7,7,5,6,5,5,6,5,7,7,6,6,7,5,7,6,5,5,7,7,6,5,6,7,6,6,6,6,7,7,5,5,5,6,5,7,7]
SaccadeITI:[0.838533944865534,1.14664979134298,0.844063391160065,1.20081997541323,0.734047476151803,0.90619233501687,1.26045236079566,1.25824586343563,1.09440699843302,1.3455678466203,1.4789138405545,0.845504732984894,1.09766722209364,1.29138194764576,0.891279057781988,1.09784456663377,0.628604264879444,1.01558914449609,0.640576496204206,0.804321872252816,0.889684636793876,1.23048513587176,0.681144083799639,1.34891532356463,0.685628143787229,1.28062404943242,0.781419478772053,0.918168797340089,1.41945502506181,0.858880944965252,1.25991131802633,1.29772617849133,0.882430075384521,1.33765822504259,0.966153549212807,1.45562427020244,0.664299990931371,0.546643573973173,1.35757597810201,0.836531243702242,1.31031142775513,0.968126466912994,0.732909954102555,0.646318394174644,0.781805993007341,1.01052521792784,1.31124553382009,1.32774373371697,0.566053612340087,1.45519348182327,0.686977916812369,1.01748420525886,0.874591411040941,0.533469321854257,0.84560697148166,0.770850915178501,0.590629715654844,1.07352081518232,1.3664527337028,1.01055902703277]
SaccadeRandomization:[1,1,2,1,2,3,0,2,1,3,1,2,3,1,2,0,2,3,3,2,3,3,2,1,3,1,0,3,3,2,1,0,1,2,0,2,3,1,1,0,2,1,0,3,1,3,0,3,0,2,3,1,0,0,2,0,0,2,0,0,0,0,1,0,1,0,1,0,3,3,3,2,2,1,3,1,3,3,3,2,0,3,3,0,0,2,0,1,0,1,0,2,2,3,2,1,1,2,1,3,0,0,3,1,1,3,0,2,2,3,2,0,2,1,1,2,2,3,1,2,2,3,0,2,3,3,1,2,3,2,3,2,2,0,1,1,3,0,0,0,1,3,1,1,1,1,1,0,1,2,2,3,0,1,3,2,0,0,0,2,3,3,3,2,2,1,1,1,2,3,0,0,3,2,3,1,0,2,0,0,2,3,3,2,0,0,0,0,2,2,3,1,0,2,1,2,0,1,2,0,3,2,1,3,3,1,1,3,0,3,3,2,0,3,1,3,2,1,3,0,1,2,1,3,2,3,3,1,0,1,2,0,2,0,1,0,2,0,1,1]
cost:1
reward:0
reward_amount:[0.5,0.5,0.5,0.5,0.5,0.5,0.5,0.5,0.5,0.5,0.5,0.5,0.5,0.5,0.5,0.5,0.5,0.5,0.5,0.5,0.5,0.5,0.5,0.5,0.5,0.5,0.5,0.5,0.5,0.5,0.5,0.5,0.5,0.5,0.5,0.5,0.5,0.5,0.5,0.5,0.5,0.5,0.5,0.5,0.5,0.5,0.5,0.5,0.5,0.5,0.5,0.5,0.5,0.5,0.5,0.5,0.5,0.5,0.5,0.5,0.5,0.5,0.5,0.5,0.5,0.5,0.5,0.5,0.5,0.5,0.5,0.5]
