decision:1
size:0
numberOfTrials:12
numberOfBlocks:6
numberOfInstances:36
numberOfSaccadeTrials:60
numberOfSaccadeBlocks:4
cost_digits:[9,635829,958672,7,6,861904,4,350628,6,2,8,6,276315,895342,547039,3,2,926830,367528,480597,1,1,590421,289103,7,538692,1,145630,934510,367509,9,502816,8,780235,9,6,723168,709483,3,968572,3,632781,537812,2,8,250789,9,1,5,194876,8,629834,806134,6,8,5,2,324618,945283,8,6,659410,174835,3,843579,841923,534986,8,482601,8,7,836045]
instanceRandomization:[32,6,15,20,19,22,14,5,31,13,36,1,18,9,28,24,21,7,4,34,17,16,10,23,33,29,12,8,11,3,30,26,27,35,25,2,20,1,7,14,8,25,17,18,10,30,34,23,35,24,6,36,21,3,4,9,26,33,32,28,29,31,19,5,16,27,13,22,12,15,11,2]
ITI:[6,7,7,7,5,7,5,5,5,6,6,6,7,5,6,5,6,5,7,6,5,6,7,7,7,6,5,5,6,7,7,6,5,6,5,7,6,5,5,5,7,7,7,6,6,5,7,6,5,6,5,6,6,5,7,7,7,5,7,6,6,5,5,7,5,6,6,7,5,7,7,6]
SaccadeITI:[1.09239857765303,1.22982475399428,1.24549389658884,1.09477112656847,0.572564252935505,0.761887295920557,0.954925443561903,1.00636268388868,1.34972704602793,1.27115687313878,1.36998564103075,1.11641446412929,0.708851347262195,0.673336482657275,1.26831705081665,1.00729523394645,1.42738579241947,1.39174641860106,1.42432277026043,1.30433231690355,1.22109560557098,0.842967766154713,1.02461444824391,0.669055366706258,1.10637753694706,0.629364433981633,0.963693860503069,0.532781429406411,0.538492909450239,0.552061274465329,1.38948702584409,0.669103178246102,0.727729687052003,0.960507129136628,1.33808249123783,1.00947135831617,0.740492936507023,1.00020855018326,0.698323085488907,0.961637845778993,0.560774080272919,1.44516400555537,1.27168134139307,0.47427650615961,0.704081635739809,0.903347185397676,1.33251432846688,0.507969024641594,1.41944895293952,1.25181192467377,0.956166664654544,0.540584174268103,1.2664370395282,1.23534144186803,1.29691289975696,0.585215982798642,0.668016540169871,1.42539873398297,1.22076539397628,1.08744475623049]
SaccadeRandomization:[3,1,1,2,2,2,3,1,1,2,2,1,2,0,3,0,3,0,3,0,1,0,3,3,1,0,2,1,1,1,1,3,2,2,3,0,3,0,0,0,2,3,2,2,3,0,1,3,3,1,2,2,0,1,1,0,3,2,0,0,2,1,2,3,2,0,1,3,1,2,3,3,1,0,1,2,1,0,1,1,0,2,3,1,3,3,0,2,1,1,0,0,3,2,2,2,0,2,3,1,1,0,0,2,3,0,3,0,3,2,1,0,3,0,1,3,2,2,3,0,2,2,2,2,1,1,0,1,3,2,3,3,1,3,3,1,0,1,3,3,0,3,1,1,2,2,3,0,0,0,0,1,2,2,1,0,1,3,0,2,0,2,1,2,2,2,3,0,3,1,0,3,3,0,1,3,0,0,1,2,0,2,1,1,1,2,1,2,2,0,1,3,0,3,3,0,0,1,0,3,1,2,2,0,1,3,0,1,3,3,2,3,1,0,2,0,1,0,3,2,3,1,3,1,2,0,1,2,2,1,0,3,3,0,2,3,3,0,2,2]
cost:1
reward:0
reward_amount:[0.5,0.5,0.5,0.5,0.5,0.5,0.5,0.5,0.5,0.5,0.5,0.5,0.5,0.5,0.5,0.5,0.5,0.5,0.5,0.5,0.5,0.5,0.5,0.5,0.5,0.5,0.5,0.5,0.5,0.5,0.5,0.5,0.5,0.5,0.5,0.5,0.5,0.5,0.5,0.5,0.5,0.5,0.5,0.5,0.5,0.5,0.5,0.5,0.5,0.5,0.5,0.5,0.5,0.5,0.5,0.5,0.5,0.5,0.5,0.5,0.5,0.5,0.5,0.5,0.5,0.5,0.5,0.5,0.5,0.5,0.5,0.5]
