decision:1
size:0
numberOfTrials:12
numberOfBlocks:6
numberOfInstances:36
numberOfSaccadeTrials:60
numberOfSaccadeBlocks:4
cost_digits:[547039,534986,6,7,7,8,8,632781,6,9,6,8,482601,537812,8,502816,6,194876,276315,1,945283,2,6,934510,895342,780235,968572,289103,8,145630,6,926830,8,250789,350628,8,9,958672,9,4,3,3,723168,2,367509,5,5,1,7,538692,2,174835,9,1,659410,841923,709483,635829,480597,8,324618,843579,806134,590421,836045,629834,3,367528,1,861904,3,2]
instanceRandomization:[28,13,31,20,33,4,22,25,1,34,2,27,12,17,15,26,3,24,18,16,32,21,19,11,9,35,14,23,6,8,29,7,10,30,5,36,25,15,30,14,7,5,20,13,3,35,9,12,11,29,18,19,32,17,31,27,1,6,34,28,33,16,21,10,2,36,24,4,23,22,8,26]
ITI:[6,7,5,5,5,6,7,5,6,6,7,7,7,5,6,6,5,6,6,5,7,7,5,7,5,7,6,5,6,7,6,7,6,5,5,7,7,7,7,6,5,5,5,5,6,6,7,6,5,7,5,7,6,6,6,7,6,5,5,7,5,6,7,5,6,6,7,7,5,6,7,5]
SaccadeITI:[1.07129834292379,1.07451231733818,0.675931061645194,0.627904290127723,0.671504352268918,1.42875733485368,1.42517664449212,0.712719134082242,1.43638324693699,0.487426547593592,0.812056412249027,1.30933863486086,0.850781534825607,0.670137437786131,0.782327236867665,0.763401065747409,1.21093340663162,1.278871900662,0.648768361917852,0.720686685786738,1.39699829488915,0.758385592633082,0.899113525663658,0.921829596421837,1.44290852502842,0.544920700629397,1.03324316770692,1.31786611841914,1.33684002797042,0.938311928910359,1.21280046368872,0.854783516404374,1.23105473306884,1.22399988051426,1.21128146143553,1.42915206638087,0.951111070606081,1.26972208593894,0.810837788767337,0.977625997997044,1.02002683447596,0.783812805804579,0.622355366385697,1.27721244960946,1.33657726229091,0.976935719632699,0.656823809518634,1.15952457629998,0.666002792333408,1.38105854231787,1.11403389696886,0.885142287266596,1.40534636753534,0.567484197466789,1.37843318239708,1.10657300849368,1.00444821387452,0.67804377808158,0.564670755787908,0.993791660786762]
SaccadeRandomization:[0,2,3,3,0,0,1,3,0,0,0,1,0,0,3,0,1,2,0,0,1,1,2,2,2,1,3,3,0,2,2,2,0,1,2,1,3,2,1,3,1,0,1,3,3,0,1,2,1,1,3,1,3,3,3,2,3,2,2,2,0,2,0,1,0,3,3,2,0,3,2,3,0,2,2,1,1,0,2,0,1,0,3,1,3,1,0,1,3,1,2,2,0,0,2,0,2,1,1,0,2,2,3,2,0,0,3,1,3,1,2,1,1,1,3,3,3,3,2,3,0,2,1,0,0,0,3,1,0,2,1,3,2,2,3,0,1,3,2,2,3,1,0,3,1,2,0,2,0,1,2,1,2,2,1,2,1,2,2,3,3,3,1,0,0,0,1,1,3,0,3,3,1,3,3,3,2,0,0,1,3,3,3,1,1,0,3,0,2,0,0,1,1,1,1,3,3,0,1,2,1,0,3,2,2,1,1,2,2,3,0,1,2,2,1,2,2,3,1,3,3,0,2,3,2,0,0,0,0,0,3,2,2,2,1,3,3,1,0,0]
cost:1
reward:0
reward_amount:[0.5,0.5,0.5,0.5,0.5,0.5,0.5,0.5,0.5,0.5,0.5,0.5,0.5,0.5,0.5,0.5,0.5,0.5,0.5,0.5,0.5,0.5,0.5,0.5,0.5,0.5,0.5,0.5,0.5,0.5,0.5,0.5,0.5,0.5,0.5,0.5,0.5,0.5,0.5,0.5,0.5,0.5,0.5,0.5,0.5,0.5,0.5,0.5,0.5,0.5,0.5,0.5,0.5,0.5,0.5,0.5,0.5,0.5,0.5,0.5,0.5,0.5,0.5,0.5,0.5,0.5,0.5,0.5,0.5,0.5,0.5,0.5]
