decision:1
size:0
numberOfTrials:12
numberOfBlocks:6
numberOfInstances:36
numberOfSaccadeTrials:60
numberOfSaccadeBlocks:4
cost_digits:[7,8,590421,841923,367528,632781,2,968572,926830,6,659410,8,1,8,709483,480597,723168,3,6,9,843579,194876,482601,806134,895342,780235,7,1,3,502816,9,6,2,8,861904,6,2,836045,1,958672,276315,9,934510,945283,538692,8,6,250789,5,174835,6,8,8,3,289103,145630,350628,8,3,2,4,537812,635829,629834,9,1,547039,7,324618,5,534986,367509]
instanceRandomization:[11,36,10,27,4,25,13,14,7,29,31,6,23,15,1,34,20,8,2,30,16,24,12,21,9,35,33,17,5,26,32,3,18,28,22,19,21,2,16,15,18,25,11,32,29,4,31,30,9,19,1,22,27,24,23,8,5,10,7,26,14,17,6,36,34,12,28,20,33,35,13,3]
ITI:[6,5,7,6,5,7,7,5,6,7,5,6,6,7,5,7,5,6,7,5,5,6,6,7,6,6,6,7,6,5,5,5,7,7,7,5,5,5,5,7,6,6,7,7,6,5,7,6,5,5,7,6,5,6,7,7,5,7,6,6,7,5,6,6,5,7,6,6,7,5,5,7]
SaccadeITI:[0.729977676761337,1.1526236286154,0.828595940140076,1.40989820996765,0.516458345926367,1.37148064107168,0.622188986162655,1.21588664420415,1.19492983201053,0.864050382631831,1.05914574454073,1.31947501946706,0.779139617574401,0.529415414319374,1.39915873564314,1.1876905328827,0.650977384415455,0.989922942710109,1.33082922303583,0.79765583795961,0.859923381940462,1.20209848263767,0.508688413188793,1.32894972048234,0.974221010110341,0.49491016974207,0.983692852896638,1.24244017142337,0.862817990011536,0.739303770358674,0.637392007163726,1.34092043235432,1.15558140084613,1.41058456653263,1.35257539513987,1.40869709372055,1.34337339585181,0.971740470617078,1.33985590620432,0.640102333738469,0.530612440896221,0.747806143364869,1.29374363052193,0.45308111293707,1.15164749778342,1.19199733005371,1.00877249229234,0.813674767152406,1.08359679731075,1.30317271233071,1.06367424607743,0.689862903789617,0.660490454756655,1.44450681901071,0.953696685261093,0.852564047439955,0.864350125542842,0.888131482643075,1.20123157266062,1.0560170331737]
SaccadeRandomization:[2,2,1,0,0,3,3,2,3,0,1,1,2,1,0,3,0,2,3,3,3,1,1,1,2,1,2,0,0,1,2,3,0,2,3,1,1,1,3,3,0,2,0,3,3,1,0,2,0,2,3,0,1,2,0,2,0,2,3,1,2,3,1,1,3,2,1,3,0,2,3,2,2,1,2,1,0,0,0,3,3,3,1,0,2,3,1,0,3,3,0,1,0,2,0,1,1,2,0,0,1,0,0,2,1,3,0,2,0,1,3,2,2,1,3,2,2,3,1,3,2,2,0,0,0,3,3,1,0,3,1,3,2,3,0,2,1,1,0,0,3,0,1,2,0,1,2,3,1,2,0,1,3,2,1,0,1,2,3,2,2,0,2,1,1,3,3,3,3,1,3,1,0,0,2,2,3,0,1,2,1,0,3,2,0,2,2,0,2,3,3,0,1,0,0,1,1,3,0,3,3,2,3,3,0,1,3,2,1,0,1,2,3,3,1,2,1,2,2,0,1,3,2,1,0,3,2,2,1,3,2,1,0,0,2,1,0,0,1,3]
cost:1
reward:0
reward_amount:[0.5,0.5,0.5,0.5,0.5,0.5,0.5,0.5,0.5,0.5,0.5,0.5,0.5,0.5,0.5,0.5,0.5,0.5,0.5,0.5,0.5,0.5,0.5,0.5,0.5,0.5,0.5,0.5,0.5,0.5,0.5,0.5,0.5,0.5,0.5,0.5,0.5,0.5,0.5,0.5,0.5,0.5,0.5,0.5,0.5,0.5,0.5,0.5,0.5,0.5,0.5,0.5,0.5,0.5,0.5,0.5,0.5,0.5,0.5,0.5,0.5,0.5,0.5,0.5,0.5,0.5,0.5,0.5,0.5,0.5,0.5,0.5]
