decision:1
size:0
numberOfTrials:12
numberOfBlocks:6
numberOfInstances:36
numberOfSaccadeTrials:60
numberOfSaccadeBlocks:4
cost_digits:[8,350628,9,3,2,861904,2,945283,502816,547039,250789,367528,590421,7,367509,6,723168,289103,1,2,6,836045,482601,537812,7,3,6,480597,3,5,635829,8,958672,5,709483,4,659410,276315,534986,9,8,174835,8,6,926830,1,194876,895342,968572,629834,7,2,3,6,843579,1,632781,841923,1,780235,8,806134,538692,9,6,8,8,324618,8,9,934510,145630]
instanceRandomization:[36,5,25,7,13,22,18,32,26,28,30,4,10,11,3,19,20,23,16,21,31,2,12,17,33,8,29,34,24,9,6,27,15,35,1,14,31,18,13,30,22,19,28,1,7,12,24,9,14,36,20,26,5,2,16,23,25,27,17,35,10,21,29,32,3,6,15,33,4,34,11,8]
ITI:[5,5,6,7,6,6,7,5,7,6,5,7,5,5,5,7,7,7,5,6,7,6,6,6,5,5,7,5,7,7,7,6,6,6,6,5,6,5,7,6,6,7,7,7,5,5,5,6,6,6,6,6,5,5,7,5,7,7,7,5,5,5,6,6,7,5,7,7,5,6,6,7]
SaccadeITI:[1.2427862441012,0.858317949188252,0.888221830440064,0.514714015259718,0.978463967408364,0.786133528997501,0.922041055358325,1.35522946653267,0.53720068729793,1.04689129030642,0.627482493485635,1.18753832982232,1.17842457986747,0.962534020033975,0.524914242870485,1.48976981065546,0.512705420221513,0.902705774021645,0.617604184042042,1.0339971355473,1.38382206469153,1.46327046731797,1.35211851921243,0.688821154025694,1.33807441436996,0.662421329257389,1.00141176170049,0.79629961339136,1.40010045150605,0.57919801849251,1.16757483462182,1.00107296936524,0.714018337971841,0.986941051747029,0.562150635368501,1.46332071729315,0.661159013941263,0.776828636492913,0.765622245691096,0.832990232699861,0.926474780154725,1.49443716004801,1.40590577743327,0.829523710378756,1.43742023043645,0.743322980434944,1.14400610265632,0.900626412670439,0.949493321667736,1.27489598242876,1.38764465305333,1.49066781376799,0.680969196449344,1.5110586740387,1.38676131687438,1.47181699944971,0.878803499120598,0.694269307035332,0.846464030522232,0.780545556762566]
SaccadeRandomization:[2,1,1,1,1,1,1,3,0,2,1,3,2,3,2,2,2,2,3,0,1,3,0,0,2,0,1,0,2,0,3,0,1,1,1,1,3,2,3,3,3,0,2,1,0,3,2,3,2,0,0,2,0,1,3,3,0,2,0,3,0,0,0,0,3,3,1,2,2,3,2,1,3,1,2,1,1,0,0,3,2,0,0,2,1,3,2,2,2,2,1,2,3,1,3,3,0,1,2,3,3,0,3,1,1,0,0,2,0,1,0,2,3,3,2,1,3,1,0,1,1,2,0,3,3,3,2,2,3,3,3,2,1,1,0,3,0,1,1,3,3,0,2,1,3,2,0,1,2,1,0,0,2,2,2,1,1,0,3,2,1,0,3,2,0,1,0,3,0,3,0,1,0,0,2,2,1,2,1,3,0,0,3,2,3,0,3,2,1,1,3,1,0,1,2,2,0,2,1,0,1,2,2,2,1,2,0,3,0,3,2,3,1,0,1,3,3,1,1,2,0,3,2,3,0,3,1,0,1,1,2,0,3,3,0,0,3,2,1,2]
cost:1
reward:0
reward_amount:[0.5,0.5,0.5,0.5,0.5,0.5,0.5,0.5,0.5,0.5,0.5,0.5,0.5,0.5,0.5,0.5,0.5,0.5,0.5,0.5,0.5,0.5,0.5,0.5,0.5,0.5,0.5,0.5,0.5,0.5,0.5,0.5,0.5,0.5,0.5,0.5,0.5,0.5,0.5,0.5,0.5,0.5,0.5,0.5,0.5,0.5,0.5,0.5,0.5,0.5,0.5,0.5,0.5,0.5,0.5,0.5,0.5,0.5,0.5,0.5,0.5,0.5,0.5,0.5,0.5,0.5,0.5,0.5,0.5,0.5,0.5,0.5]
