decision:1
size:0
numberOfTrials:12
numberOfBlocks:6
numberOfInstances:36
numberOfSaccadeTrials:60
numberOfSaccadeBlocks:4
cost_digits:[367509,6,289103,9,250789,1,8,537812,895342,9,1,723168,547039,367528,709483,3,6,934510,836045,3,2,350628,538692,2,480597,968572,2,629834,8,2,7,590421,145630,8,5,8,632781,6,635829,534986,1,861904,3,4,1,8,276315,9,8,324618,502816,841923,6,9,8,958672,5,7,174835,194876,6,945283,8,926830,3,7,780235,659410,6,482601,806134,843579]
instanceRandomization:[3,31,23,32,30,16,22,17,9,25,12,20,28,4,1,24,19,11,2,7,21,5,29,13,34,14,26,36,15,18,33,10,8,6,35,27,25,29,6,13,17,22,8,14,23,4,18,34,36,33,26,27,1,30,28,15,9,11,19,24,2,32,10,7,5,20,35,31,3,12,21,16]
ITI:[6,6,5,7,6,5,6,5,7,5,7,7,5,6,5,7,5,6,7,5,6,6,7,7,6,5,6,7,5,5,7,7,6,5,7,6,5,6,6,6,7,6,7,5,5,5,7,7,5,5,6,6,6,7,7,7,5,5,6,7,5,6,7,6,5,6,5,7,6,7,7,5]
SaccadeITI:[0.62232809610044,1.34911206297887,1.15124536006091,0.787100994757687,1.04529070298498,1.209025136459,1.06637671220427,0.739798343538617,0.679873026705657,1.15810651498226,0.95003981286039,0.795902298794438,1.04038590894391,1.35619858539042,1.077379597382,1.33424155440492,0.723036762823661,0.73183989621078,0.788561138122653,0.876811362135534,1.0072300776684,1.2643827805606,0.544234843722855,0.65181482306992,0.501973835782458,1.15759602262018,0.45875726340649,0.457197721147289,0.965635909031456,1.08919078370867,0.808463124356543,1.08381696909976,0.922815965752428,1.30371438202759,0.845602444869777,0.527028634243955,1.17902939676618,1.02133541208071,1.25092439705816,0.945668713453536,0.846519523796936,0.995079285030564,1.16501074869496,0.740799018212905,1.15092835205918,1.3657798241203,0.654641429459055,1.37452737664183,1.29238597725828,0.835071172829096,1.42443404489507,1.01664515308415,1.42022001141061,1.34797493115378,1.26798178002549,0.794602258161952,1.17591084473146,1.29243422977937,1.4250352357359,0.944951434650769]
SaccadeRandomization:[0,1,2,0,1,0,1,0,3,3,2,0,2,0,2,2,3,1,0,3,1,2,3,1,0,1,2,3,3,0,2,3,0,0,0,0,2,2,0,3,2,2,3,1,0,1,3,2,1,3,1,3,1,1,3,1,3,2,1,2,3,2,0,0,3,3,0,2,0,1,1,2,0,1,3,2,1,1,2,3,0,1,2,1,2,3,2,2,3,0,0,3,2,1,0,2,0,0,1,2,3,1,3,1,3,2,3,2,0,1,3,3,2,1,0,0,1,1,3,0,2,3,1,0,2,1,3,0,2,3,1,0,0,1,1,0,1,1,0,3,0,2,1,1,3,1,0,2,3,2,0,2,1,3,3,1,1,3,0,2,3,3,2,3,2,0,3,0,1,2,0,2,0,2,1,0,3,2,3,2,0,0,2,0,3,1,1,1,1,0,2,0,0,2,3,3,1,3,3,0,2,1,2,1,2,2,2,3,1,2,3,3,1,2,2,3,3,1,3,1,2,1,2,3,0,0,0,0,2,3,0,0,3,3,1,1,1,0,2,0]
cost:1
reward:0
reward_amount:[0.5,0.5,0.5,0.5,0.5,0.5,0.5,0.5,0.5,0.5,0.5,0.5,0.5,0.5,0.5,0.5,0.5,0.5,0.5,0.5,0.5,0.5,0.5,0.5,0.5,0.5,0.5,0.5,0.5,0.5,0.5,0.5,0.5,0.5,0.5,0.5,0.5,0.5,0.5,0.5,0.5,0.5,0.5,0.5,0.5,0.5,0.5,0.5,0.5,0.5,0.5,0.5,0.5,0.5,0.5,0.5,0.5,0.5,0.5,0.5,0.5,0.5,0.5,0.5,0.5,0.5,0.5,0.5,0.5,0.5,0.5,0.5]
