decision:1
size:0
numberOfTrials:12
numberOfBlocks:6
numberOfInstances:36
numberOfSaccadeTrials:60
numberOfSaccadeBlocks:4
cost_digits:[502816,3,8,537812,6,480597,1,6,5,2,843579,968572,6,5,8,1,945283,2,250789,2,836045,8,926830,934510,8,324618,659410,590421,174835,3,861904,9,723168,8,629834,194876,9,8,547039,145630,538692,8,3,632781,895342,841923,3,6,2,709483,482601,958672,6,7,8,367509,780235,7,1,367528,350628,276315,9,7,4,6,9,806134,1,635829,289103,534986]
instanceRandomization:[26,8,15,17,3,34,12,29,9,13,16,14,1,35,27,23,32,18,30,21,2,28,7,11,6,33,31,10,19,5,22,25,20,4,36,24,32,22,28,8,29,10,24,25,9,27,7,31,26,1,12,15,19,20,36,3,35,33,17,4,5,18,34,11,14,2,30,21,16,6,23,13]
ITI:[6,6,7,7,7,5,5,7,6,5,5,6,6,5,6,7,5,6,7,7,5,6,5,7,5,7,6,7,5,5,7,6,6,6,5,7,6,5,7,7,6,5,5,5,6,7,7,6,7,5,5,6,7,6,7,5,5,6,6,7,6,5,5,7,7,6,5,7,6,5,6,7]
SaccadeITI:[1.38835628232919,0.539846031414345,1.31757051236928,1.06527304970659,1.41358329234645,1.04959643604234,0.672107642469928,0.490380941843614,0.657273187255487,0.877861530007795,0.667984457407147,0.685916244937107,1.10755397258326,1.3521522287745,1.22549447901547,1.03069827747531,0.800126107595861,0.64224418643862,0.654236237006262,1.31307185273618,1.29731131223962,0.90211115819402,0.62755881967023,0.801728226197884,0.510180450230837,1.06665743882768,1.33027465194464,1.41382869910449,0.484402159415185,1.17423731619492,1.3871648862958,0.597786087496206,1.27155770310201,0.531691462220624,1.30056786299683,1.17951518245973,0.880079301027581,0.893886931426823,1.42784610362723,1.17031600088812,1.30159204378724,1.20777252870612,0.522558202920482,0.966677127825096,0.99625785225071,0.688326830230653,1.24859036291018,1.22994887265377,0.582160733593628,1.39967952058651,0.958428755355999,1.28215072927997,0.96721223318018,1.29123851116747,1.34246978485025,0.696662917686626,1.29712057295255,1.03399624833837,1.07290880237706,0.714218666031957]
SaccadeRandomization:[0,0,1,3,3,1,0,3,2,0,3,3,1,0,3,2,2,1,1,2,2,0,3,1,1,1,2,2,1,1,2,1,2,0,0,1,3,3,0,0,0,2,0,3,2,2,0,2,1,3,3,2,0,1,3,2,1,0,3,3,0,3,3,0,1,0,2,2,2,0,1,1,3,0,0,1,2,1,3,3,2,2,0,3,2,2,0,1,3,1,1,1,2,3,0,2,2,3,0,1,1,3,3,0,0,3,0,3,2,3,3,1,1,1,2,1,2,2,0,0,3,2,1,0,1,3,3,0,1,0,2,2,3,0,1,0,2,3,3,1,2,1,1,1,0,2,2,2,0,2,1,1,0,0,3,0,1,2,3,2,3,3,1,0,3,1,0,2,3,0,0,2,0,2,1,1,3,2,3,3,2,0,3,1,0,1,3,0,0,1,2,0,0,2,1,0,2,2,0,2,3,1,0,2,1,2,3,1,3,2,3,3,0,0,3,3,3,0,3,0,2,1,0,1,3,2,2,3,2,2,2,3,3,1,1,1,1,1,0,1]
cost:1
reward:0
reward_amount:[0.5,0.5,0.5,0.5,0.5,0.5,0.5,0.5,0.5,0.5,0.5,0.5,0.5,0.5,0.5,0.5,0.5,0.5,0.5,0.5,0.5,0.5,0.5,0.5,0.5,0.5,0.5,0.5,0.5,0.5,0.5,0.5,0.5,0.5,0.5,0.5,0.5,0.5,0.5,0.5,0.5,0.5,0.5,0.5,0.5,0.5,0.5,0.5,0.5,0.5,0.5,0.5,0.5,0.5,0.5,0.5,0.5,0.5,0.5,0.5,0.5,0.5,0.5,0.5,0.5,0.5,0.5,0.5,0.5,0.5,0.5,0.5]
