decision:1
size:0
numberOfTrials:12
numberOfBlocks:6
numberOfInstances:36
numberOfSaccadeTrials:60
numberOfSaccadeBlocks:4
cost_digits:[1,841923,289103,2,1,367509,6,9,145630,836045,7,324618,6,590421,276315,480597,5,367528,5,534986,3,632781,1,4,194876,350628,8,502816,250789,8,8,6,8,8,934510,538692,3,1,780235,482601,958672,629834,537812,6,8,926830,709483,945283,6,806134,2,9,8,9,3,968572,174835,9,895342,8,635829,7,3,547039,843579,659410,7,723168,6,2,2,861904]
instanceRandomization:[17,27,23,21,16,3,19,32,8,2,20,33,31,10,18,34,9,4,35,13,7,25,12,14,24,5,22,26,30,6,36,1,15,28,11,29,24,23,35,12,15,36,17,3,4,7,1,32,29,21,18,25,27,34,5,14,19,30,9,10,6,33,8,28,16,31,11,20,2,13,26,22]
ITI:[5,6,7,7,5,6,5,7,6,6,7,5,6,7,6,5,5,5,7,5,6,7,7,6,6,6,7,5,5,7,5,7,6,7,5,6,6,7,6,7,6,5,5,7,5,7,6,5,7,7,5,5,6,5,6,6,5,7,6,7,6,6,6,6,5,7,5,5,7,5,7,7]
SaccadeITI:[1.22075225710869,0.72188140633516,1.33564357361756,0.628627811046317,0.466278631892055,1.39052337100729,0.879208347946405,1.19904718264006,0.75149658806622,1.00167965744622,0.725988983362913,0.65940460045822,0.865729412715882,1.01034478326328,0.980923546664417,0.837441567517817,1.35617048242129,0.867929888144136,1.44123115572147,1.04838389432989,0.803446216229349,1.11639279518276,1.05029386160895,1.0701933037024,0.600527121638879,1.36429146137089,0.725555435707793,0.976267954986543,1.28932043416426,1.03465635394678,1.30703472504392,1.33953107865527,1.42166516436264,0.600168273970485,1.42606781627983,0.455063420766965,0.970359414303675,0.992772523732856,0.601762973656878,0.627049838379026,0.755994857475162,1.01168454713188,1.33178694145754,0.809578013792634,1.12218927727081,1.34329367191531,1.41159696942195,1.38088492648676,0.536383219715208,1.01784928254783,1.07476278110407,0.71017843852751,1.3708304233849,1.30582925998606,0.561555816745386,1.21710395505652,1.28223050031811,0.865027266275138,1.26716078044847,0.462971761543304]
SaccadeRandomization:[2,2,0,3,0,2,2,3,1,1,2,0,0,3,1,2,1,1,0,2,2,3,3,0,3,1,0,0,3,1,1,1,3,3,1,2,3,0,0,1,2,0,1,3,2,1,3,1,0,3,0,2,0,1,0,2,2,3,3,2,2,1,0,1,1,0,0,3,3,3,2,2,0,1,1,0,3,3,0,2,2,1,0,2,3,3,0,1,3,2,3,2,3,2,2,0,1,0,1,0,2,3,0,2,1,2,1,1,3,0,1,2,0,1,3,2,3,3,1,0,0,2,0,1,3,1,3,3,1,0,2,2,1,1,1,0,1,1,2,0,1,3,0,2,2,0,2,1,3,2,2,3,1,1,3,0,3,2,3,3,2,0,1,0,0,0,2,2,3,3,0,3,0,1,1,3,3,0,2,2,1,3,1,2,3,0,2,3,0,0,1,3,0,2,3,1,1,1,0,1,2,3,2,1,1,0,3,2,1,2,3,1,0,3,0,1,3,0,0,2,2,3,3,0,3,3,1,2,0,0,2,0,2,2,0,2,2,3,1,1]
cost:1
reward:0
reward_amount:[0.5,0.5,0.5,0.5,0.5,0.5,0.5,0.5,0.5,0.5,0.5,0.5,0.5,0.5,0.5,0.5,0.5,0.5,0.5,0.5,0.5,0.5,0.5,0.5,0.5,0.5,0.5,0.5,0.5,0.5,0.5,0.5,0.5,0.5,0.5,0.5,0.5,0.5,0.5,0.5,0.5,0.5,0.5,0.5,0.5,0.5,0.5,0.5,0.5,0.5,0.5,0.5,0.5,0.5,0.5,0.5,0.5,0.5,0.5,0.5,0.5,0.5,0.5,0.5,0.5,0.5,0.5,0.5,0.5,0.5,0.5,0.5]
