decision:1
size:0
numberOfTrials:12
numberOfBlocks:6
numberOfInstances:36
numberOfSaccadeTrials:60
numberOfSaccadeBlocks:4
cost_digits:[9,6,5,841923,482601,6,926830,6,7,8,3,843579,6,8,590421,276315,968572,174835,8,723168,3,5,250789,3,629834,6,8,9,502816,324618,635829,534986,537812,2,289103,945283,7,895342,8,8,958672,7,806134,9,2,6,350628,780235,194876,3,1,4,8,934510,2,8,538692,659410,367528,861904,836045,547039,2,1,632781,367509,145630,1,480597,1,709483,9]
instanceRandomization:[34,2,35,27,12,1,7,31,11,15,5,16,29,22,10,18,14,19,28,20,8,9,30,24,36,3,4,25,26,33,6,13,17,21,23,32,20,9,36,6,15,33,21,32,18,19,5,35,24,7,17,14,10,11,26,27,29,31,4,22,2,28,13,23,25,3,8,12,34,16,1,30]
ITI:[5,7,5,7,7,6,6,6,6,5,7,5,7,7,5,7,5,6,7,5,6,5,6,6,6,7,5,5,7,7,6,7,5,6,6,5,5,7,5,6,6,5,7,7,5,6,6,7,7,5,6,6,6,7,7,5,7,6,5,5,6,7,5,6,7,5,6,5,5,7,7,6]
SaccadeITI:[1.05148798853237,0.960146277417274,0.572278455803947,1.28136693334285,1.47490786804895,0.765338735860617,1.27328821804452,1.10717063464302,1.01418074380684,0.650754891308801,0.755973423105509,1.45387308809053,0.997587222811611,1.08171525199044,0.520965167759762,0.997337689363242,0.830286567305059,0.697160263518648,1.01204173683266,1.16485907693471,0.568288872456954,0.560763830291883,1.127069323995,0.600296164369987,1.26818494286466,1.27541047471653,1.46305426905941,1.39290716496374,1.22157338817681,0.948707078556375,1.26740475438613,1.3880262805343,1.28048451940607,1.03294044660482,0.958705838742511,0.892857802073316,0.66630342437032,0.662484177361087,0.856652032789619,1.29462351507585,0.741638772860945,0.973925156025992,1.01613070231009,0.863264456597002,0.899049569825487,0.920445236350254,0.50523656673807,0.767628129311682,1.38866425978097,1.06686022129919,0.906315662172468,1.00939968993965,1.07213872877959,1.14372029222626,0.851495713201196,1.13653179651204,1.2039650738899,1.21988154456097,0.930297650835322,0.993952241466225]
SaccadeRandomization:[0,2,3,3,0,0,1,1,3,1,3,2,3,0,1,0,3,0,3,2,2,1,1,0,3,2,2,0,3,2,1,1,0,1,2,0,2,1,1,2,3,2,0,1,1,2,2,0,3,3,0,1,0,1,3,3,2,0,2,3,2,3,2,3,0,1,0,1,2,0,3,0,3,0,2,2,0,1,0,3,1,3,1,2,0,0,2,1,3,2,2,2,1,2,1,2,3,1,3,1,0,3,3,2,1,2,0,1,0,2,3,1,0,3,3,3,0,1,1,0,3,3,3,1,1,3,2,3,2,3,0,1,2,2,3,3,3,3,2,2,2,2,1,2,0,0,0,0,3,3,0,0,0,2,0,3,0,1,0,2,1,1,0,2,1,1,1,2,1,0,1,3,0,2,1,1,0,1,2,3,2,3,1,3,3,0,0,0,0,2,1,1,3,3,2,3,3,3,2,0,0,1,0,1,1,3,2,2,3,0,3,0,0,2,1,2,2,2,1,2,0,2,0,3,1,1,0,0,3,1,2,3,3,2,0,1,1,1,1,2]
cost:1
reward:0
reward_amount:[0.5,0.5,0.5,0.5,0.5,0.5,0.5,0.5,0.5,0.5,0.5,0.5,0.5,0.5,0.5,0.5,0.5,0.5,0.5,0.5,0.5,0.5,0.5,0.5,0.5,0.5,0.5,0.5,0.5,0.5,0.5,0.5,0.5,0.5,0.5,0.5,0.5,0.5,0.5,0.5,0.5,0.5,0.5,0.5,0.5,0.5,0.5,0.5,0.5,0.5,0.5,0.5,0.5,0.5,0.5,0.5,0.5,0.5,0.5,0.5,0.5,0.5,0.5,0.5,0.5,0.5,0.5,0.5,0.5,0.5,0.5,0.5]
