decision:1
size:0
numberOfTrials:12
numberOfBlocks:6
numberOfInstances:36
numberOfSaccadeTrials:60
numberOfSaccadeBlocks:4
cost_digits:[2,836045,1,7,632781,8,1,5,6,547039,289103,8,8,968572,9,895342,3,350628,709483,590421,2,926830,6,659410,2,194876,8,8,537812,723168,367509,958672,534986,945283,7,9,502816,6,806134,3,250789,3,8,861904,174835,5,324618,7,934510,841923,6,629834,3,6,6,367528,2,538692,1,8,635829,276315,843579,780235,145630,480597,9,9,1,4,482601,8]
instanceRandomization:[18,2,12,33,25,27,16,35,19,28,23,22,4,14,34,9,8,5,1,10,21,7,29,31,26,24,6,36,17,20,3,15,13,32,11,30,26,3,21,24,30,7,15,22,19,9,33,20,11,27,31,36,5,1,2,4,13,29,23,10,6,18,16,35,8,34,25,32,17,14,12,28]
ITI:[5,6,7,7,7,5,7,6,5,6,5,6,7,6,5,7,7,6,7,6,6,5,5,5,6,7,7,6,5,6,5,5,5,6,7,7,6,5,7,6,7,7,5,7,6,6,5,5,7,5,7,6,5,5,6,6,5,7,7,6,6,6,7,5,7,7,6,6,5,5,7,5]
SaccadeITI:[1.08015461402247,1.34705063254805,0.957285276579205,0.553088920156006,0.855986069620121,0.808592240291182,1.24940245292382,1.32017526655691,0.707179009879474,1.04110577605898,1.14622881027171,1.04947274081642,0.732149043784011,0.72291653646389,1.21040802375646,0.744164822122548,0.59171625735471,1.10813304941403,0.63630910028005,1.44191586315865,1.04354478997411,0.678656432509888,1.48585404126206,1.42175808312604,0.817983500391711,0.794344854506198,0.844478927750606,0.741960966691841,0.735436042735819,1.18393804222578,1.06007231000112,0.713354600558523,0.969138159148861,1.27278648546198,1.12211724111112,0.518277822027449,1.29191629352281,0.846976757480297,1.24976884314092,1.34223761964822,1.14239661787869,0.790165098814759,0.910560245823581,0.850925163098145,1.45730897920439,1.27578013596358,0.499099499743898,1.21374371690908,1.16685232958989,0.894690140581224,0.974155714933295,1.46500170227373,0.527363637660164,0.709733007440809,1.15819221219281,0.779730435891543,0.993918448186014,1.18156758529367,1.2583703943179,1.31240861486876]
SaccadeRandomization:[0,1,3,2,2,3,1,3,1,2,1,1,3,2,0,3,1,0,3,0,0,1,2,3,3,3,2,1,0,0,3,1,2,3,2,0,0,1,3,2,0,2,0,0,0,2,3,3,2,1,2,2,1,1,1,0,1,2,3,0,1,2,0,1,2,0,0,0,3,3,1,0,0,1,2,0,0,3,0,3,1,3,1,3,2,1,3,2,2,3,2,0,3,1,2,1,1,1,3,1,3,3,0,2,2,0,2,3,2,0,0,2,3,3,1,2,1,1,0,2,1,2,2,1,2,3,0,1,2,0,2,3,0,1,3,3,2,0,0,2,1,2,0,0,0,1,1,2,3,0,1,2,3,3,0,0,3,3,0,0,2,0,2,3,1,2,0,2,2,1,3,3,1,3,1,1,3,3,1,1,3,1,3,3,0,2,2,1,1,1,2,2,2,3,2,1,3,0,2,0,2,0,3,0,2,1,0,1,3,2,1,3,0,0,0,1,1,3,1,0,2,3,0,0,1,2,3,0,2,3,3,2,1,3,0,0,3,1,2,1]
cost:1
reward:0
reward_amount:[0.5,0.5,0.5,0.5,0.5,0.5,0.5,0.5,0.5,0.5,0.5,0.5,0.5,0.5,0.5,0.5,0.5,0.5,0.5,0.5,0.5,0.5,0.5,0.5,0.5,0.5,0.5,0.5,0.5,0.5,0.5,0.5,0.5,0.5,0.5,0.5,0.5,0.5,0.5,0.5,0.5,0.5,0.5,0.5,0.5,0.5,0.5,0.5,0.5,0.5,0.5,0.5,0.5,0.5,0.5,0.5,0.5,0.5,0.5,0.5,0.5,0.5,0.5,0.5,0.5,0.5,0.5,0.5,0.5,0.5,0.5,0.5]
