decision:1
size:0
numberOfTrials:12
numberOfBlocks:6
numberOfInstances:36
numberOfSaccadeTrials:60
numberOfSaccadeBlocks:4
cost_digits:[934510,895342,480597,3,2,3,8,547039,6,8,968572,8,174835,806134,9,534986,8,8,537812,635829,276315,9,1,6,367509,250789,7,7,6,289103,538692,3,780235,1,367528,194876,1,926830,945283,861904,8,7,1,324618,145630,709483,590421,6,2,629834,3,4,502816,5,482601,632781,8,350628,8,723168,6,9,659410,2,841923,836045,9,958672,5,6,2,843579]
instanceRandomization:[11,9,34,8,26,5,27,28,1,10,14,15,19,21,32,13,36,22,17,6,18,25,12,2,3,30,33,20,31,23,29,7,35,16,4,24,17,7,32,22,28,11,23,33,8,1,10,3,13,36,24,14,26,9,12,25,4,5,6,20,29,30,31,18,27,2,34,15,35,19,21,16]
ITI:[6,7,6,6,7,5,7,5,5,5,6,7,6,7,6,5,7,7,5,6,5,7,5,6,7,6,7,6,5,6,5,6,5,7,5,7,7,5,6,7,7,7,5,5,5,6,6,6,5,6,5,7,6,5,5,7,6,6,7,7,7,7,5,6,5,5,6,5,6,7,6,7]
SaccadeITI:[0.841134227474686,0.891841766319703,0.759314857085701,0.759891047736164,1.32463775937213,1.33243829769781,0.586656772193965,0.541416028409731,1.31492174057057,1.48786922417348,1.50209713320946,1.32355148800416,1.05387933192542,0.686563510342967,1.1176727562095,1.50976333826547,1.13514106663642,1.39129502432188,0.866699777671602,1.2810987910605,0.848008710553404,0.802709984953981,0.800523641647305,0.606248922075611,1.25912336086622,0.623535380593967,0.927753498207312,0.968252288771328,0.739353363763075,1.31560488663381,0.605879395164084,1.12258282642579,1.53034354596166,0.718374861299526,1.37755293807713,0.625877314608078,0.752850387140643,1.22665747454157,1.0502678760211,1.10518480989849,0.900086325488519,0.59046548641054,1.20434402663959,0.845101182011422,1.39458797558909,1.05982589431806,0.555397153261583,1.16899512604577,0.679377920820843,1.08545594814932,0.544418433576357,0.957806565461215,1.4772873615264,1.26061580948299,1.40433329868829,0.577637199673336,0.879205718298908,1.0278803162626,0.564478790049907,1.10813006235985]
SaccadeRandomization:[3,2,3,3,1,3,2,0,1,2,2,1,0,1,3,3,2,0,1,0,2,1,0,1,0,2,3,3,3,3,1,1,0,1,0,1,2,0,2,0,1,0,1,3,3,3,2,2,2,2,3,0,1,2,0,2,3,0,1,0,0,1,3,0,1,0,2,0,2,1,1,2,0,1,1,2,2,0,3,2,0,0,2,1,0,1,3,1,3,1,1,2,3,2,1,0,3,0,1,0,0,3,2,3,1,0,3,2,0,1,3,3,3,2,2,2,3,3,2,3,0,2,2,2,3,2,1,0,1,3,0,0,1,3,1,3,1,0,1,0,2,2,1,1,3,2,3,1,1,2,2,2,3,1,3,1,0,2,2,3,3,0,3,1,2,3,2,0,3,1,3,3,0,0,0,0,1,0,0,2,0,2,3,1,3,2,3,1,3,1,1,1,2,0,2,0,1,1,0,0,3,1,3,2,0,3,2,1,3,2,0,2,0,2,0,0,3,0,0,3,1,2,0,2,3,2,3,1,1,3,1,3,1,1,0,0,3,2,2,2]
cost:1
reward:0
reward_amount:[0.5,0.5,0.5,0.5,0.5,0.5,0.5,0.5,0.5,0.5,0.5,0.5,0.5,0.5,0.5,0.5,0.5,0.5,0.5,0.5,0.5,0.5,0.5,0.5,0.5,0.5,0.5,0.5,0.5,0.5,0.5,0.5,0.5,0.5,0.5,0.5,0.5,0.5,0.5,0.5,0.5,0.5,0.5,0.5,0.5,0.5,0.5,0.5,0.5,0.5,0.5,0.5,0.5,0.5,0.5,0.5,0.5,0.5,0.5,0.5,0.5,0.5,0.5,0.5,0.5,0.5,0.5,0.5,0.5,0.5,0.5,0.5]
