decision:1
size:0
numberOfTrials:12
numberOfBlocks:6
numberOfInstances:36
numberOfSaccadeTrials:60
numberOfSaccadeBlocks:4
cost_digits:[324618,8,709483,350628,6,4,780235,836045,958672,6,534986,2,843579,3,2,537812,250789,635829,1,629834,6,895342,7,6,632781,8,8,276315,9,194876,482601,145630,9,7,8,8,8,934510,2,841923,7,723168,861904,367528,547039,8,2,1,6,945283,289103,5,968572,502816,1,174835,367509,3,9,538692,659410,9,5,6,590421,3,806134,8,480597,926830,3,1]
instanceRandomization:[33,10,1,5,29,14,35,2,15,19,13,21,16,7,26,17,30,6,23,36,31,9,11,3,25,22,4,18,34,24,12,8,32,20,27,28,36,11,13,27,33,20,22,4,28,6,18,16,1,32,23,9,14,26,17,19,3,5,25,29,31,30,35,2,10,8,21,15,34,7,24,12]
ITI:[7,5,7,6,6,7,6,5,6,7,5,5,5,7,5,7,6,6,7,6,6,5,7,5,7,5,7,6,7,5,6,7,5,6,5,6,6,7,5,5,5,7,7,5,7,6,6,6,6,7,6,5,7,7,5,5,5,7,6,6,5,7,5,6,6,7,7,5,7,6,5,6]
SaccadeITI:[0.636707752411409,0.794277722182839,1.15124103397053,0.998381232078342,1.13481749354784,0.816495609170912,0.805176913905113,0.694461672966524,1.0370075576279,0.96454074040909,1.13906334240843,0.731663283826007,1.21021293120381,0.862917625977813,0.795148161872445,1.14312440127057,0.848100048191069,1.34623834996407,1.29506138821986,0.752927198940112,0.795039541720568,1.22534850116742,1.34335364231762,0.668685828502445,0.677963553163378,1.30364360025075,0.546911502423851,1.19344462680553,0.806403482266857,0.567161683625697,0.817856467262997,0.602336076953604,1.3564359749939,0.770936211737959,0.597531145372583,1.45472104165625,0.950465828580006,0.826861357716067,1.10125707502399,1.28688000997451,0.990145298120721,0.894497147928147,1.15812016365041,1.26312886684124,1.4549861181799,1.29958359797408,0.763653362336724,1.00873515399095,0.83408246206042,0.677419545528634,1.21067143597562,0.672614227681576,1.1277317113049,0.909252533390342,1.52793226826858,1.26168701721278,1.22701800607999,1.19501849979085,1.48194362915043,0.990977342873036]
SaccadeRandomization:[3,3,1,0,2,3,3,2,3,1,3,2,2,2,0,2,0,1,2,0,1,3,2,3,3,0,1,0,0,0,1,1,1,3,2,1,2,3,3,3,2,3,0,2,0,1,0,0,1,2,0,2,1,3,1,1,1,0,2,0,0,1,3,3,0,0,3,1,0,1,1,3,2,1,2,2,3,2,0,1,0,2,1,0,3,3,2,1,1,2,1,3,2,3,0,3,0,1,2,1,3,3,0,2,2,0,2,1,0,2,0,3,1,2,2,1,3,0,3,0,0,2,3,1,1,0,2,2,1,0,2,2,1,2,3,3,1,0,1,3,1,3,3,2,3,1,1,3,2,3,2,1,1,0,0,2,0,0,3,3,3,3,2,0,0,2,0,3,3,2,0,0,1,1,1,0,0,2,2,1,0,3,2,0,0,2,0,0,0,3,1,3,2,1,1,2,2,3,0,0,2,2,2,1,3,2,3,1,2,0,3,3,1,3,1,3,1,1,3,0,3,3,2,1,3,0,2,0,1,2,0,2,1,0,2,1,3,0,1,1]
cost:1
reward:0
reward_amount:[0.5,0.5,0.5,0.5,0.5,0.5,0.5,0.5,0.5,0.5,0.5,0.5,0.5,0.5,0.5,0.5,0.5,0.5,0.5,0.5,0.5,0.5,0.5,0.5,0.5,0.5,0.5,0.5,0.5,0.5,0.5,0.5,0.5,0.5,0.5,0.5,0.5,0.5,0.5,0.5,0.5,0.5,0.5,0.5,0.5,0.5,0.5,0.5,0.5,0.5,0.5,0.5,0.5,0.5,0.5,0.5,0.5,0.5,0.5,0.5,0.5,0.5,0.5,0.5,0.5,0.5,0.5,0.5,0.5,0.5,0.5,0.5]
