decision:1
size:0
numberOfTrials:12
numberOfBlocks:6
numberOfInstances:36
numberOfSaccadeTrials:60
numberOfSaccadeBlocks:4
cost_digits:[7,5,958672,590421,659410,806134,502816,841923,8,7,6,250789,8,843579,629834,3,5,534986,836045,3,538692,2,968572,9,9,6,1,8,289103,861904,145630,9,3,324618,6,482601,537812,9,2,4,8,8,3,945283,7,895342,2,1,8,635829,547039,1,350628,367509,2,276315,6,6,194876,367528,6,174835,1,480597,934510,632781,780235,723168,8,926830,709483,8]
instanceRandomization:[20,9,15,10,31,21,26,27,4,11,3,30,6,16,36,24,35,13,2,5,29,18,14,34,32,19,17,28,23,22,8,25,7,33,1,12,17,30,21,14,27,10,8,32,33,9,26,23,15,6,28,12,5,3,13,18,29,2,24,4,31,19,16,34,11,25,35,20,36,7,1,22]
ITI:[6,5,6,7,7,7,5,7,6,6,5,5,5,7,7,7,6,6,6,7,5,5,6,5,5,7,6,6,6,7,7,7,5,5,6,5,6,7,5,5,6,6,7,7,6,5,5,7,7,6,6,5,5,7,5,5,7,7,6,6,5,7,6,6,5,6,7,5,7,5,6,7]
SaccadeITI:[0.79213294670529,1.31399180208876,1.27396944914556,1.15581805635787,0.528715825216689,1.15622036512553,1.24991589905306,1.23725903131611,0.515526336194792,1.39076498574189,0.8690608719325,1.02154611008785,0.860644239974984,0.771113188048669,1.19180056503586,1.0943633628039,0.920483857668781,1.08017877749711,0.598174935249457,1.28990061818234,1.08436359213277,0.786238578190872,0.546375565273532,0.89577580364033,1.2179226449652,0.939265415347957,0.98755572065323,0.496693015606919,1.35988718508355,0.64536529853552,0.751851055348137,0.707480777563372,1.39499453180082,1.23158100810445,0.90066311978347,0.635920496933007,0.89145799963347,0.6551261814738,1.27415937888048,0.74326605819709,0.7675377789846,1.35702354302242,1.1823092131371,1.0860314039009,0.986815183931806,1.37481183958783,0.772107034964332,1.38686509388111,1.19861774849317,1.31924039152994,0.782370358748206,0.867403538474658,1.1050300200431,1.13607190134547,1.05321068949609,0.913585364162767,1.42003146749533,1.05758723970115,0.534889314133519,1.24093622439153]
SaccadeRandomization:[1,1,0,1,2,0,3,0,2,3,0,0,1,3,0,2,1,0,2,2,1,3,2,2,1,1,1,1,0,2,3,3,0,1,0,0,2,2,3,0,0,3,1,3,1,3,2,3,0,3,3,2,1,3,3,2,2,2,0,1,2,2,0,0,1,0,3,2,0,2,0,2,2,0,2,3,3,1,1,1,1,3,1,3,0,1,3,2,3,0,1,3,0,0,2,0,1,0,3,1,1,3,1,0,1,3,3,3,2,2,0,0,1,2,3,2,2,1,3,2,1,1,0,1,1,0,2,3,3,2,2,2,3,0,1,1,2,2,3,0,0,3,0,2,0,1,0,2,1,3,1,1,2,2,0,2,2,3,0,1,3,2,0,1,1,3,0,3,2,3,0,3,2,3,1,0,1,3,3,0,1,2,1,0,1,3,1,3,1,3,2,1,0,1,0,3,1,0,3,2,3,0,0,0,3,2,0,0,3,2,2,1,3,1,1,0,0,0,1,2,3,3,3,0,2,0,2,2,2,2,2,3,1,3,2,0,3,1,1,2]
cost:1
reward:0
reward_amount:[0.5,0.5,0.5,0.5,0.5,0.5,0.5,0.5,0.5,0.5,0.5,0.5,0.5,0.5,0.5,0.5,0.5,0.5,0.5,0.5,0.5,0.5,0.5,0.5,0.5,0.5,0.5,0.5,0.5,0.5,0.5,0.5,0.5,0.5,0.5,0.5,0.5,0.5,0.5,0.5,0.5,0.5,0.5,0.5,0.5,0.5,0.5,0.5,0.5,0.5,0.5,0.5,0.5,0.5,0.5,0.5,0.5,0.5,0.5,0.5,0.5,0.5,0.5,0.5,0.5,0.5,0.5,0.5,0.5,0.5,0.5,0.5]
