decision:1
size:0
numberOfTrials:12
numberOfBlocks:6
numberOfInstances:36
numberOfSaccadeTrials:60
numberOfSaccadeBlocks:4
cost_digits:[958672,6,1,806134,547039,538692,635829,502816,895342,482601,3,8,7,4,945283,480597,276315,174835,8,3,709483,632781,3,367509,843579,8,2,590421,6,7,3,5,9,7,289103,8,926830,350628,780235,629834,9,534986,324618,8,968572,6,6,1,2,9,1,723168,194876,2,861904,659410,8,145630,5,367528,6,841923,836045,1,9,250789,8,2,8,537812,6,934510]
instanceRandomization:[15,2,17,21,28,29,6,26,9,12,8,22,11,14,32,34,18,19,4,24,1,25,5,3,16,27,13,10,31,33,7,35,30,20,23,36,7,5,35,36,34,13,33,6,14,19,3,23,26,25,12,20,24,21,22,31,28,8,9,4,1,27,2,16,32,30,10,18,15,17,29,11]
ITI:[7,5,5,6,5,5,6,7,7,6,7,6,5,6,5,7,7,6,7,6,5,7,5,6,5,6,7,6,7,5,7,6,6,5,7,5,7,5,5,7,5,7,6,6,6,5,6,7,6,5,7,7,6,5,6,7,5,6,5,7,6,6,5,7,5,5,5,6,7,6,7,7]
SaccadeITI:[1.03133359262332,1.54843374867536,1.08758253641039,0.891167350714871,1.41975457653947,1.00592857566274,1.29723798846438,0.869281748911211,1.23685026974029,0.855576457824403,1.17520535075649,1.01833784640379,1.31174148469775,1.1060408911629,1.4375725366602,1.2555450812409,0.682030089801022,1.20592981939747,1.08937915754116,1.00887796156652,1.25516936685502,0.604127202784487,0.717991212984392,0.889842919675478,0.635461254181185,0.854330782914379,0.668330369653025,0.612730819634938,1.36381085835941,0.766694225506702,0.889366543289119,1.13560160589016,1.34072096030771,0.875921132877314,0.784514071089992,1.43116135140493,1.22077518156342,0.578721427494505,0.915575959389874,0.884965663445958,1.08681359411761,0.849673047797599,0.627248936934241,1.5492186678069,1.13094808500803,0.562552347449431,0.981169184340009,0.940527549847805,0.84534085415847,0.567755212211826,0.833553174646416,1.09460196517951,0.567446855265492,0.691948674056524,1.05167461339928,0.733186585033157,1.29834321457505,1.1049980429428,1.40577684682406,1.11760257430918]
SaccadeRandomization:[3,3,1,1,3,1,1,0,3,0,2,2,0,2,0,2,1,2,0,3,0,0,0,1,1,3,2,2,3,3,1,3,2,1,0,0,3,0,1,3,2,2,2,1,0,2,2,3,1,2,1,3,3,0,2,0,1,3,0,1,0,0,3,3,0,2,2,3,2,1,0,3,3,0,1,2,1,0,2,1,0,2,1,0,3,0,1,2,1,3,3,3,3,2,3,0,1,0,2,1,0,3,1,2,1,2,1,3,2,2,1,0,3,2,0,2,0,1,3,1,1,1,3,0,1,3,2,2,1,2,2,0,3,2,0,2,2,3,1,3,1,1,3,3,3,2,1,2,2,1,0,2,1,2,2,0,3,0,1,1,0,3,3,2,3,1,0,0,2,0,0,3,0,0,1,3,0,3,1,0,3,2,3,0,1,1,3,3,0,1,1,0,2,2,0,3,1,0,3,2,1,1,3,2,0,1,0,2,0,1,1,2,0,3,1,2,1,0,2,2,3,1,2,3,3,3,3,2,2,0,2,3,0,1,3,2,0,0,1,0]
cost:1
reward:0
reward_amount:[0.5,0.5,0.5,0.5,0.5,0.5,0.5,0.5,0.5,0.5,0.5,0.5,0.5,0.5,0.5,0.5,0.5,0.5,0.5,0.5,0.5,0.5,0.5,0.5,0.5,0.5,0.5,0.5,0.5,0.5,0.5,0.5,0.5,0.5,0.5,0.5,0.5,0.5,0.5,0.5,0.5,0.5,0.5,0.5,0.5,0.5,0.5,0.5,0.5,0.5,0.5,0.5,0.5,0.5,0.5,0.5,0.5,0.5,0.5,0.5,0.5,0.5,0.5,0.5,0.5,0.5,0.5,0.5,0.5,0.5,0.5,0.5]
