decision:1
size:0
numberOfTrials:12
numberOfBlocks:6
numberOfInstances:36
numberOfSaccadeTrials:60
numberOfSaccadeBlocks:4
cost_digits:[1,2,843579,547039,8,537812,3,5,3,324618,502816,8,945283,926830,9,1,629834,968572,250789,780235,8,538692,6,7,6,2,8,841923,6,7,367528,836045,350628,9,659410,276315,289103,8,861904,934510,3,9,8,194876,590421,723168,635829,1,5,145630,2,8,367509,806134,174835,6,8,9,3,482601,895342,4,480597,1,6,958672,7,6,2,632781,534986,709483]
instanceRandomization:[12,21,16,28,15,17,24,9,8,33,26,6,32,7,25,23,36,14,30,35,22,29,1,20,19,13,10,27,3,11,4,2,5,34,31,18,23,36,22,11,7,32,28,24,10,20,6,17,35,8,26,27,3,21,19,31,4,30,5,12,9,14,34,16,29,15,33,2,18,25,13,1]
ITI:[7,7,5,7,5,6,7,6,6,5,6,5,7,5,7,6,5,5,7,7,6,5,6,6,5,6,6,7,6,5,7,5,6,5,7,7,5,6,6,7,5,6,7,7,5,6,5,7,5,7,5,5,6,7,6,5,6,7,6,7,6,6,7,7,7,5,5,5,6,5,6,7]
SaccadeITI:[0.585677180353863,1.46929161777565,0.852170669621167,0.98037709100948,1.24742834959955,1.22410250516453,1.28102895306268,1.31046300326319,1.4377366259306,1.35263278722608,1.28478953024217,1.15391703546823,0.474361559057919,0.617993301859436,1.36145319571563,0.634045079497931,0.815624040233282,1.19745760635318,0.624314009592247,1.00696640616128,0.855358939765332,1.08515664693744,0.985301738053871,0.937494644809825,1.1424582562487,1.46626557377943,1.27429436767319,0.761761215430063,1.05084873867066,0.507117642935676,0.568829369180215,1.2716122445728,1.03636848033251,0.824753066905153,1.3591911712739,1.4656432011708,0.904817191100058,0.777199165111718,1.42769301208512,1.11191593008892,0.526763293341113,0.645525611153183,1.36841149666191,0.786775058748511,0.506297315618334,1.18892628667721,1.16706045568765,0.960065403402162,0.779802521372524,0.559090135068012,0.528390764639092,1.08632290424624,0.613587834554103,0.828554633453799,1.17842811593631,1.10227792096169,1.01402644967505,1.27729453091354,1.13635941702717,1.02012870754891]
SaccadeRandomization:[0,3,3,2,3,0,1,1,1,1,3,1,0,0,2,2,2,2,1,0,3,2,1,3,2,1,2,1,2,3,0,2,2,0,3,0,1,3,1,2,0,3,0,3,3,0,0,2,1,1,3,3,0,3,0,1,2,0,2,1,3,2,1,2,1,2,3,3,1,1,1,3,0,3,3,2,2,0,2,2,3,1,1,0,0,0,1,3,3,2,2,0,0,0,1,1,2,2,3,0,1,3,1,2,3,1,3,2,1,0,0,2,0,0,3,1,2,0,0,3,3,2,0,3,1,1,2,2,2,3,3,2,3,3,1,0,1,1,1,2,1,2,0,3,0,3,0,1,3,2,3,0,0,0,2,0,0,3,1,3,2,1,2,3,1,1,3,0,2,2,0,0,1,3,1,2,0,1,2,0,1,0,3,0,3,0,0,0,0,0,1,0,1,1,2,2,2,0,3,3,0,3,3,1,1,2,0,0,3,0,3,1,2,1,1,2,2,3,3,1,2,3,1,2,2,2,0,1,1,0,2,2,3,2,3,3,1,1,2,3]
cost:1
reward:0
reward_amount:[0.5,0.5,0.5,0.5,0.5,0.5,0.5,0.5,0.5,0.5,0.5,0.5,0.5,0.5,0.5,0.5,0.5,0.5,0.5,0.5,0.5,0.5,0.5,0.5,0.5,0.5,0.5,0.5,0.5,0.5,0.5,0.5,0.5,0.5,0.5,0.5,0.5,0.5,0.5,0.5,0.5,0.5,0.5,0.5,0.5,0.5,0.5,0.5,0.5,0.5,0.5,0.5,0.5,0.5,0.5,0.5,0.5,0.5,0.5,0.5,0.5,0.5,0.5,0.5,0.5,0.5,0.5,0.5,0.5,0.5,0.5,0.5]
