decision:1
size:0
numberOfTrials:12
numberOfBlocks:6
numberOfInstances:36
numberOfSaccadeTrials:60
numberOfSaccadeBlocks:4
cost_digits:[1,926830,945283,3,7,1,2,723168,145630,534986,629834,8,968572,934510,6,367528,8,3,250789,806134,1,6,6,5,538692,9,635829,502816,5,6,8,590421,659410,841923,1,480597,861904,958672,6,350628,194876,7,9,2,2,8,547039,780235,482601,2,7,709483,3,9,8,8,895342,4,3,324618,6,632781,276315,8,367509,289103,8,9,174835,836045,537812,843579]
instanceRandomization:[16,7,32,5,33,23,18,20,8,13,36,28,14,11,19,4,22,24,30,21,12,3,2,9,29,25,6,26,35,1,15,10,31,27,17,34,22,15,31,5,24,20,30,21,26,4,28,35,12,13,11,1,8,34,27,6,9,14,7,33,29,25,18,10,3,23,36,32,19,2,17,16]
ITI:[6,5,7,5,6,7,6,7,5,5,6,7,6,6,7,5,5,7,6,7,6,5,5,7,6,5,5,6,7,5,7,5,7,6,6,7,5,5,6,5,7,6,7,6,5,6,7,7,5,6,6,7,6,5,6,7,7,5,5,7,6,7,7,5,5,5,7,5,6,6,6,7]
SaccadeITI:[1.09931604867646,1.11148532993005,0.866662284134266,1.20788669843071,1.03081213520685,1.41317137471245,1.39379913220958,0.952625764308808,1.34875006927953,0.699075056480554,0.864033981932638,0.667053492980388,1.09345496912332,0.732308042010603,0.995414568584723,1.31821187912331,0.916877378484545,1.41950202687488,0.786634931814236,1.48356848560118,0.774598254364294,0.920093456058142,1.41998192715303,0.55875736848296,1.45864040801146,0.702961448122126,0.722334429629457,0.884764707189364,0.913861048415614,0.898962768268151,1.44869024726407,1.04884054209882,0.924243555412007,0.822480156792638,1.27877327567743,1.20543956058876,0.694906272001875,1.04669877724567,1.52023470542238,1.10577749345296,0.759743497714711,0.599034117775348,0.935826278299404,1.10451817001061,0.593594511978639,0.545026550310043,0.789820714628634,0.588158765582678,1.20543066110307,1.07197324909115,0.828977013014567,1.53092950979092,0.851566981066329,1.40604551090704,1.13536903053367,0.800149109222305,0.841328790884775,0.571543514736307,1.45039014519037,0.638889826609132]
SaccadeRandomization:[1,3,0,0,0,2,0,0,3,2,2,1,0,2,1,1,1,0,2,1,0,1,1,2,0,1,1,2,0,3,3,3,2,3,0,2,2,3,2,3,0,1,3,0,1,3,3,0,2,2,2,3,0,2,3,1,3,1,3,1,3,3,0,2,1,3,2,1,1,1,0,2,3,1,3,3,0,3,3,1,0,0,2,1,1,0,0,3,2,0,2,1,2,2,0,0,1,1,2,1,0,3,3,1,2,2,0,3,1,3,3,2,2,0,1,2,0,3,0,2,1,0,0,0,0,0,1,0,0,3,0,2,2,2,2,2,3,1,2,3,3,0,2,0,1,1,1,2,0,1,1,3,1,2,0,3,0,2,3,1,2,2,1,1,3,1,2,3,3,3,2,3,3,1,0,3,0,1,3,2,0,1,3,2,0,0,2,1,1,3,0,3,0,2,1,1,0,2,1,0,3,2,3,2,2,2,1,3,2,3,2,3,3,3,3,0,1,3,3,2,2,2,0,3,0,0,1,1,1,2,1,0,3,1,0,2,1,1,0,0]
cost:1
reward:0
reward_amount:[0.5,0.5,0.5,0.5,0.5,0.5,0.5,0.5,0.5,0.5,0.5,0.5,0.5,0.5,0.5,0.5,0.5,0.5,0.5,0.5,0.5,0.5,0.5,0.5,0.5,0.5,0.5,0.5,0.5,0.5,0.5,0.5,0.5,0.5,0.5,0.5,0.5,0.5,0.5,0.5,0.5,0.5,0.5,0.5,0.5,0.5,0.5,0.5,0.5,0.5,0.5,0.5,0.5,0.5,0.5,0.5,0.5,0.5,0.5,0.5,0.5,0.5,0.5,0.5,0.5,0.5,0.5,0.5,0.5,0.5,0.5,0.5]
