decision:1
size:0
numberOfTrials:12
numberOfBlocks:6
numberOfInstances:36
numberOfSaccadeTrials:60
numberOfSaccadeBlocks:4
cost_digits:[3,659410,6,945283,958672,9,8,8,1,502816,350628,7,1,480597,861904,537812,8,6,934510,926830,895342,289103,6,3,2,635829,5,629834,534986,968572,324618,538692,2,6,9,8,2,780235,6,2,5,7,8,8,1,8,367509,6,547039,276315,841923,3,806134,367528,4,843579,836045,250789,9,145630,194876,709483,482601,590421,632781,723168,174835,1,8,3,9,7]
instanceRandomization:[8,31,1,32,15,25,4,28,16,26,5,20,12,34,22,17,27,19,11,7,9,23,2,24,21,6,35,36,13,14,33,29,18,3,30,10,26,35,29,13,9,11,6,15,23,22,3,31,28,18,27,7,21,4,14,16,2,30,32,8,24,1,12,10,25,20,19,17,36,5,34,33]
ITI:[6,6,5,7,5,7,6,7,5,5,7,6,5,5,6,7,6,5,5,6,7,7,6,7,6,5,7,6,7,7,5,5,5,6,6,7,5,7,7,5,7,6,6,6,6,5,5,7,6,5,5,5,7,6,6,5,7,6,7,7,6,7,6,7,5,6,7,5,7,5,6,5]
SaccadeITI:[0.725380263881137,1.28428287909677,1.20966053603527,0.742115537061667,1.27498381876697,1.21065310214957,0.98960851005589,0.513270524454614,0.905820059248557,0.575979088324433,0.916873684044307,0.888168582118427,0.679874870817488,0.533781035927435,0.566745474360262,1.42967230233674,0.844339968295147,0.970751396271711,1.17970469629702,0.998167756836241,1.17820690188867,1.18584574631726,1.30819167279017,0.720485347912957,1.04339534731892,1.34723115003047,0.527319169261803,0.766344161828359,0.912625516656165,0.737666020294031,0.50832823094291,1.35440325376888,0.857419847867762,1.26646649849912,1.04520923982685,1.22590417147925,0.95104469464471,1.29559600156111,0.63209024410074,1.15065192862724,0.845057439183196,1.32210500783597,1.07101282070701,1.40773038788078,0.681430344361191,1.49249483331417,0.694793707582479,1.05720534234618,0.841723589816441,1.15401664551658,0.642882881111776,0.755429836579909,1.47118581657608,1.03899864352619,0.976808545303842,1.49439326406767,1.33715343045381,1.02036596940209,1.26029570762378,0.980656554813807]
SaccadeRandomization:[3,2,0,1,1,3,2,3,1,1,0,2,1,1,1,3,0,2,1,0,3,0,2,3,3,1,2,0,3,3,1,3,1,2,3,2,3,0,2,3,0,0,2,2,0,0,0,2,1,1,3,0,2,3,0,2,1,2,0,1,0,1,3,1,0,0,2,3,1,3,1,2,0,2,3,0,3,1,3,0,1,3,2,2,1,3,2,1,0,2,1,3,1,1,0,0,3,2,2,2,2,0,0,3,3,3,2,0,0,2,1,3,2,0,2,3,1,1,1,0,2,3,3,1,0,0,3,3,1,0,0,0,3,3,1,2,3,1,1,3,1,0,1,3,2,1,1,2,3,2,2,1,0,0,2,0,1,3,0,1,0,0,2,2,1,1,2,2,2,2,2,0,1,3,0,3,2,0,3,3,3,2,2,0,0,2,3,0,1,2,2,1,3,0,0,1,1,3,3,0,2,2,0,3,2,1,2,2,3,1,0,2,3,1,1,1,1,2,3,3,1,0,2,0,0,2,0,0,3,0,1,2,3,3,1,3,1,1,3,0]
cost:1
reward:0
reward_amount:[0.5,0.5,0.5,0.5,0.5,0.5,0.5,0.5,0.5,0.5,0.5,0.5,0.5,0.5,0.5,0.5,0.5,0.5,0.5,0.5,0.5,0.5,0.5,0.5,0.5,0.5,0.5,0.5,0.5,0.5,0.5,0.5,0.5,0.5,0.5,0.5,0.5,0.5,0.5,0.5,0.5,0.5,0.5,0.5,0.5,0.5,0.5,0.5,0.5,0.5,0.5,0.5,0.5,0.5,0.5,0.5,0.5,0.5,0.5,0.5,0.5,0.5,0.5,0.5,0.5,0.5,0.5,0.5,0.5,0.5,0.5,0.5]
