decision:1
size:0
numberOfTrials:12
numberOfBlocks:6
numberOfInstances:36
numberOfSaccadeTrials:60
numberOfSaccadeBlocks:4
cost_digits:[145630,367509,537812,9,945283,350628,289103,538692,7,8,480597,4,482601,8,276315,2,8,5,174835,8,6,709483,7,629834,8,3,8,934510,2,836045,250789,8,2,1,926830,895342,5,367528,7,723168,9,590421,9,861904,806134,968572,3,2,1,6,6,8,780235,6,9,1,194876,1,3,632781,659410,841923,3,635829,547039,6,6,534986,843579,958672,324618,502816]
instanceRandomization:[8,3,17,25,32,5,23,29,33,22,34,14,12,10,18,26,6,35,19,4,31,1,20,36,28,24,27,11,13,2,30,15,21,16,7,9,9,4,11,20,34,10,32,22,21,14,8,18,17,19,2,36,35,29,30,12,24,23,5,25,31,27,7,6,28,1,3,13,16,15,33,26]
ITI:[5,6,5,7,7,7,7,6,6,5,5,6,7,5,6,6,7,5,5,6,6,7,5,7,5,7,6,5,5,7,6,7,6,6,7,5,5,7,7,6,6,6,5,5,6,7,7,5,6,5,5,5,7,6,7,7,6,7,5,6,6,5,7,5,5,5,6,7,6,7,7,6]
SaccadeITI:[1.39234824757635,1.44847297947466,0.778911900935539,1.06246814643576,1.17406420828387,1.29064355440981,1.38781397160686,0.900624554833242,1.43418729910239,0.971481228243404,1.2013817781078,0.745976530477249,1.15831044246055,0.954948483496749,0.819053902985373,1.10843218676358,0.765186606436813,1.10729453805446,1.04613996063902,1.40481863799117,0.525441404893839,0.639107681108483,0.565220246553266,0.592453795714149,0.633885465092802,1.11770073114506,1.00443452945522,1.14295373437538,0.7943875922317,1.0823724139443,0.743127910416418,1.31314387940414,1.43281202553383,1.08790219714477,1.42869627219237,1.26700315274841,0.959572596471602,1.37041756999291,1.19317559920795,1.30606028111263,1.16057738475113,0.916866233102822,1.28026907937213,0.949289138424986,0.97876914543643,0.535911606388011,0.672162595433959,0.674095975696885,0.669765376947665,1.08280296367205,0.912097230549747,1.24350648442827,0.487187555987233,0.679052517046997,0.581204621350238,0.999980521151641,0.687663191925579,1.06584146339058,1.27309585129454,0.797432826595226]
SaccadeRandomization:[2,0,1,3,2,2,2,1,2,3,0,0,0,3,1,2,3,2,3,3,0,0,0,3,2,2,3,1,1,2,3,0,1,1,2,1,0,1,3,0,3,0,2,1,3,3,2,1,0,1,3,1,1,1,0,2,2,0,3,0,2,2,3,3,1,3,2,3,0,1,2,1,3,1,1,0,1,2,3,0,0,3,2,1,1,2,3,2,0,2,3,1,2,0,3,0,3,1,3,0,2,0,1,3,2,0,1,2,0,3,1,1,0,0,0,0,2,1,2,3,2,2,0,2,2,2,2,1,1,0,3,2,3,1,0,2,2,1,3,1,1,0,0,2,0,2,1,3,1,0,3,3,1,0,3,2,0,3,3,3,1,1,2,3,1,3,1,0,0,0,2,3,0,1,2,3,0,3,1,0,2,1,0,0,2,1,3,0,3,3,1,3,0,2,1,3,2,1,3,1,0,1,3,3,2,2,0,1,3,2,3,3,1,2,3,1,1,0,1,2,0,0,2,3,0,3,2,3,2,0,1,0,2,2,0,1,0,0,2,1]
cost:1
reward:0
reward_amount:[0.5,0.5,0.5,0.5,0.5,0.5,0.5,0.5,0.5,0.5,0.5,0.5,0.5,0.5,0.5,0.5,0.5,0.5,0.5,0.5,0.5,0.5,0.5,0.5,0.5,0.5,0.5,0.5,0.5,0.5,0.5,0.5,0.5,0.5,0.5,0.5,0.5,0.5,0.5,0.5,0.5,0.5,0.5,0.5,0.5,0.5,0.5,0.5,0.5,0.5,0.5,0.5,0.5,0.5,0.5,0.5,0.5,0.5,0.5,0.5,0.5,0.5,0.5,0.5,0.5,0.5,0.5,0.5,0.5,0.5,0.5,0.5]
