decision:1
size:0
numberOfTrials:12
numberOfBlocks:6
numberOfInstances:36
numberOfSaccadeTrials:60
numberOfSaccadeBlocks:4
cost_digits:[145630,8,367528,9,194876,6,8,2,1,843579,8,547039,2,6,836045,7,1,537812,709483,9,324618,9,5,502816,2,968572,895342,7,841923,350628,958672,926830,9,174835,8,659410,3,2,538692,3,723168,289103,6,861904,8,7,4,6,3,1,8,482601,632781,6,276315,8,590421,8,934510,6,250789,3,806134,534986,635829,1,5,780235,480597,367509,629834,945283]
instanceRandomization:[8,10,4,32,24,29,36,13,12,16,22,28,18,3,2,11,23,17,1,34,33,30,35,26,21,14,9,20,27,5,15,7,25,19,6,31,24,26,29,7,20,23,1,22,4,33,14,31,5,17,28,12,25,19,18,15,10,27,11,2,30,8,21,13,6,16,9,35,34,3,36,32]
ITI:[7,7,5,5,7,5,6,6,6,5,7,6,5,6,6,6,7,7,6,5,7,5,5,7,6,6,7,5,5,7,6,5,7,6,7,5,7,7,6,5,7,5,6,6,5,7,6,5,7,5,6,7,6,6,6,5,5,7,7,5,7,5,6,6,7,5,6,5,7,6,7,5]
SaccadeITI:[1.0347309812787,1.00151890114648,1.22043046326144,0.919882670219522,0.517090259992983,1.01091125112725,1.34371868841117,0.668831876886543,0.548730314185377,0.972266317519825,1.04963798279641,0.518228119879495,1.29012712201802,0.899165423994418,1.24473867722554,0.610141265147831,0.901462802605238,0.855537336028647,0.604794526181649,1.16215112846112,0.558645280485507,0.880111171340104,0.824085797357839,1.22650302917464,1.04906219075201,0.984778897312935,1.27046276110923,1.34787045087432,1.37133939185878,0.632416536274832,1.10032170329941,1.11683251726208,0.810132506245282,1.29338442761218,1.4762797303847,1.10898495157016,0.959570452512708,1.42124548944412,0.960021707869601,0.63955819135299,1.24882335675647,0.490438266831916,0.949302464199718,0.94299845903879,0.800092645629775,0.771307293267455,1.34813359979307,0.62478679738706,1.12376705714269,0.976996611978393,1.07821554894326,1.18750371382339,0.70521373761585,1.40222388942493,0.760670627409127,1.43115529994247,1.13992856553523,1.29079294408439,1.42734589165775,0.894599937077146]
SaccadeRandomization:[1,2,0,2,0,1,2,2,3,1,0,2,1,1,1,0,3,2,3,3,3,3,3,0,2,0,0,3,0,1,3,3,2,2,0,3,0,3,0,2,0,1,0,1,2,1,1,2,0,2,1,3,1,2,3,1,1,0,2,3,3,2,2,0,0,2,1,2,2,2,2,2,0,0,2,0,2,1,3,3,0,2,0,0,1,1,3,1,1,1,2,1,3,2,2,3,1,1,3,0,1,0,3,3,3,3,3,3,1,0,0,0,3,3,1,0,1,2,1,0,0,3,3,1,1,0,0,2,0,3,2,2,1,1,2,0,1,0,0,1,1,3,2,2,3,1,2,3,2,0,0,2,0,1,2,2,3,1,3,3,1,3,0,1,0,3,0,2,2,1,0,3,2,1,2,0,3,1,3,3,3,0,0,3,3,1,0,0,1,3,2,0,2,2,2,1,1,0,1,2,3,3,1,0,3,0,1,0,0,2,3,3,3,3,2,1,2,1,2,0,1,1,2,0,2,1,1,0,2,1,2,3,3,2,3,0,0,1,3,2]
cost:1
reward:0
reward_amount:[0.5,0.5,0.5,0.5,0.5,0.5,0.5,0.5,0.5,0.5,0.5,0.5,0.5,0.5,0.5,0.5,0.5,0.5,0.5,0.5,0.5,0.5,0.5,0.5,0.5,0.5,0.5,0.5,0.5,0.5,0.5,0.5,0.5,0.5,0.5,0.5,0.5,0.5,0.5,0.5,0.5,0.5,0.5,0.5,0.5,0.5,0.5,0.5,0.5,0.5,0.5,0.5,0.5,0.5,0.5,0.5,0.5,0.5,0.5,0.5,0.5,0.5,0.5,0.5,0.5,0.5,0.5,0.5,0.5,0.5,0.5,0.5]
