decision:1
size:0
numberOfTrials:12
numberOfBlocks:6
numberOfInstances:36
numberOfSaccadeTrials:60
numberOfSaccadeBlocks:4
cost_digits:[9,926830,895342,502816,2,538692,194876,659410,8,9,8,8,723168,8,843579,7,367528,2,145630,8,945283,350628,9,934510,6,6,709483,6,1,1,2,8,537812,547039,780235,968572,534986,289103,3,629834,590421,8,3,482601,6,250789,958672,174835,3,7,8,632781,3,861904,4,2,276315,7,6,367509,1,635829,324618,806134,1,480597,5,6,5,9,836045,841923]
instanceRandomization:[34,7,9,26,21,29,24,31,10,25,27,15,20,6,16,33,4,18,8,22,32,5,30,11,2,3,1,19,12,23,13,36,17,28,35,14,13,23,8,36,10,4,7,12,31,30,15,19,5,20,28,25,24,22,14,26,18,11,29,3,17,6,33,21,16,34,35,1,9,32,2,27]
ITI:[7,7,7,7,5,5,5,6,5,6,6,6,7,6,5,6,6,7,5,5,6,7,5,7,6,5,7,6,5,7,6,7,7,5,5,6,5,5,6,6,7,7,6,5,6,5,7,7,5,7,7,5,5,7,6,6,6,5,7,6,7,6,5,6,5,5,7,5,6,7,6,7]
SaccadeITI:[1.01122676095692,1.17904171374394,0.567708455526736,1.21433704256779,0.626333479338791,1.24812399669318,0.608849336893763,0.709926448098849,0.766711815760936,0.956187314388808,1.42168128913036,0.506219881155994,0.804242386983242,1.38421468300512,0.718567682465073,1.48843090262962,1.01931912292493,0.78862650928786,0.893237641116138,1.2566488562501,1.00637998598395,0.941741847002413,1.25197113774484,0.873143617098685,0.807609671528917,1.39584882002091,1.02151827983325,1.18495440882398,0.932318077923264,1.29800648781238,1.28400737376651,1.24967635379871,1.43532240976347,0.978168001433369,0.914228790940251,1.00537198855309,0.876964897185098,1.15892445718637,0.864153595210519,0.65352627428947,0.542618319427129,0.920774225646164,0.832929714384954,1.05516831673449,1.34657701806864,1.45638095521135,0.676697759923991,0.532691518112551,0.91840718294261,0.616899265709799,1.09990375189809,1.35059755066177,0.761822817416396,1.26703665781533,1.45516962398542,0.645661313354503,1.3657555706217,1.36813872636994,0.695816082914825,0.787481833982747]
SaccadeRandomization:[1,0,3,3,3,0,2,1,1,0,0,1,1,1,1,2,0,1,3,1,2,0,2,2,3,0,2,2,3,1,1,1,0,3,1,3,3,2,2,1,0,0,3,3,0,2,0,3,2,3,2,0,3,1,2,2,0,3,0,2,1,2,1,0,3,1,0,1,0,3,2,3,0,3,0,2,2,2,3,2,0,3,1,3,2,0,0,0,0,2,1,1,3,0,3,2,0,2,3,3,0,1,0,3,1,1,2,1,1,2,1,1,3,1,2,0,2,3,3,2,3,1,2,0,2,2,3,3,0,1,1,1,0,0,1,2,2,2,0,3,0,3,0,2,2,2,1,0,3,0,1,2,0,3,3,3,0,1,1,1,1,1,2,3,1,3,3,2,2,2,0,3,0,1,0,0,2,1,3,3,1,2,2,1,2,2,2,3,2,1,3,2,2,0,1,3,1,1,1,3,1,1,1,0,0,2,1,2,1,3,2,1,0,3,3,0,0,2,3,2,3,3,0,2,0,2,3,3,3,0,3,0,0,1,3,0,0,1,0,0]
cost:1
reward:0
reward_amount:[0.5,0.5,0.5,0.5,0.5,0.5,0.5,0.5,0.5,0.5,0.5,0.5,0.5,0.5,0.5,0.5,0.5,0.5,0.5,0.5,0.5,0.5,0.5,0.5,0.5,0.5,0.5,0.5,0.5,0.5,0.5,0.5,0.5,0.5,0.5,0.5,0.5,0.5,0.5,0.5,0.5,0.5,0.5,0.5,0.5,0.5,0.5,0.5,0.5,0.5,0.5,0.5,0.5,0.5,0.5,0.5,0.5,0.5,0.5,0.5,0.5,0.5,0.5,0.5,0.5,0.5,0.5,0.5,0.5,0.5,0.5,0.5]
