decision:1
size:0
numberOfTrials:12
numberOfBlocks:6
numberOfInstances:36
numberOfSaccadeTrials:60
numberOfSaccadeBlocks:4
cost_digits:[480597,3,9,659410,895342,7,8,2,9,806134,836045,276315,843579,958672,1,367509,9,861904,3,538692,145630,780235,1,4,841923,8,502816,547039,6,926830,6,8,8,7,934510,1,8,6,482601,6,5,7,723168,194876,6,2,174835,534986,629834,632781,8,635829,945283,590421,350628,9,537812,6,324618,250789,367528,289103,5,2,8,2,968572,8,3,3,1,709483]
instanceRandomization:[34,24,25,31,9,20,6,13,30,21,2,18,16,15,12,3,32,22,5,29,8,35,23,14,27,36,26,28,1,7,19,10,4,33,11,17,28,29,12,2,9,11,20,24,3,18,19,13,36,25,27,6,32,10,5,34,17,31,33,30,4,23,35,21,22,26,14,15,8,7,16,1]
ITI:[7,6,6,5,7,6,5,7,7,6,5,5,6,7,5,5,6,7,7,5,6,6,7,5,6,5,5,5,7,7,7,6,7,6,6,5,5,7,6,7,7,5,5,6,6,7,6,5,7,6,5,5,6,6,5,7,7,5,6,7,6,6,7,7,5,5,5,6,5,6,7,7]
SaccadeITI:[1.46132995330651,0.732014905455677,0.993227190365239,1.50524130466317,1.55506585122009,1.42045144040991,0.835176687016307,0.798454854664548,0.846599787035181,0.855148744563727,0.896754471379487,1.03725176330578,0.679636774611815,1.15997638369833,1.04522750366402,1.38964932274927,1.09582351756205,1.47467451265935,0.801150728742747,0.719232717323272,0.84746045715098,0.601981929996206,1.33654337728318,1.17990450354215,0.67663769077432,0.821493471766977,1.42059723360386,1.26667200636972,0.84256001029086,1.29772760605362,0.835528229623257,1.05595969574448,0.852630103266953,1.11131845929582,1.40415143061352,1.31463711501953,0.65540682527159,0.782788327223777,0.979636963716863,1.49351847570312,1.47352647760805,1.06599221474413,1.16137071375657,0.682859806836738,0.777728695449575,0.578166708144515,0.794136599897562,0.982088583315878,1.09435493129228,1.17583990239461,0.76961561574523,0.575707629583,0.910029086311503,1.0768800238419,0.67168487937112,0.637590969241379,0.621302051496847,0.965552423409342,0.995986550142212,0.91034381071028]
SaccadeRandomization:[0,2,3,1,0,1,3,2,0,3,3,3,0,0,3,2,1,2,2,0,2,1,3,0,3,2,2,1,3,0,2,2,0,2,3,0,0,0,2,3,3,1,3,1,0,3,1,1,0,1,1,2,1,3,2,0,1,1,1,2,0,3,1,1,3,1,2,2,3,0,2,0,3,1,1,0,1,3,3,2,1,3,2,3,2,0,2,1,0,2,3,0,0,3,1,0,3,2,0,1,1,2,0,2,2,3,3,0,1,1,2,3,0,3,0,2,2,1,1,0,1,1,2,0,1,3,0,1,3,3,1,0,2,2,0,1,3,3,0,0,0,0,3,1,3,0,3,2,0,3,1,1,2,2,2,2,1,2,0,2,0,1,2,1,1,3,2,1,3,2,3,2,0,3,1,3,0,3,2,0,0,3,0,0,3,0,3,3,3,3,2,0,1,2,0,1,2,3,3,0,0,3,2,2,2,1,2,1,2,2,2,1,1,3,1,0,0,3,0,1,2,2,3,0,0,1,3,3,3,2,2,1,1,1,0,1,0,1,2,1]
cost:1
reward:0
reward_amount:[0.5,0.5,0.5,0.5,0.5,0.5,0.5,0.5,0.5,0.5,0.5,0.5,0.5,0.5,0.5,0.5,0.5,0.5,0.5,0.5,0.5,0.5,0.5,0.5,0.5,0.5,0.5,0.5,0.5,0.5,0.5,0.5,0.5,0.5,0.5,0.5,0.5,0.5,0.5,0.5,0.5,0.5,0.5,0.5,0.5,0.5,0.5,0.5,0.5,0.5,0.5,0.5,0.5,0.5,0.5,0.5,0.5,0.5,0.5,0.5,0.5,0.5,0.5,0.5,0.5,0.5,0.5,0.5,0.5,0.5,0.5,0.5]
