decision:1
size:0
numberOfTrials:12
numberOfBlocks:6
numberOfInstances:36
numberOfSaccadeTrials:60
numberOfSaccadeBlocks:4
cost_digits:[590421,8,6,958672,3,7,7,7,945283,2,5,895342,2,709483,3,174835,9,8,8,1,502816,534986,537812,8,8,836045,538692,367509,9,926830,1,635829,968572,289103,350628,480597,3,6,324618,9,6,1,8,4,934510,861904,276315,659410,6,250789,145630,1,8,806134,194876,632781,482601,8,2,547039,2,3,6,367528,9,843579,841923,5,6,629834,723168,780235]
instanceRandomization:[10,4,31,15,24,33,20,11,32,21,35,9,18,1,8,19,25,28,22,16,26,13,17,27,36,2,29,3,30,7,12,6,14,23,5,34,7,1,33,34,3,23,15,14,11,22,18,31,19,30,8,17,10,21,24,25,12,6,26,28,13,5,2,4,32,16,27,9,29,36,20,35]
ITI:[6,6,6,6,5,7,7,5,5,7,7,5,6,7,5,6,5,7,5,7,6,7,5,6,7,6,7,5,7,7,5,6,6,5,5,6,5,7,7,6,7,6,5,5,6,7,5,6,5,6,7,5,6,7,7,5,5,6,7,6,7,6,5,5,7,7,6,5,5,6,6,7]
SaccadeITI:[0.926056601832776,0.796113206100805,1.30244115044285,1.42849053352062,1.32544826090258,0.579014911343499,1.18535590849739,1.04464699190964,0.876654952093183,0.70198056337346,0.848878997638046,1.51532188805674,1.11559925766584,1.19776171076034,1.26239770746712,0.826693019624023,1.01696484445517,1.5044668584868,0.913198760272159,1.03939582084228,0.660372763433649,0.834744549849226,0.792090730768784,1.04147846533839,1.03848006928262,1.17562868914489,0.662296037682487,1.40980042473335,0.68391825191599,1.23423639804047,0.697774190715669,0.810070928446172,0.782270145164027,1.0596517261855,1.10312523788695,1.21185077636425,0.964682746705754,1.27582335684371,1.05739280188379,1.11873081538749,1.28978516001177,0.794198871617361,0.847648591063141,1.22202746665959,0.706864430363445,0.60918749452491,1.12054214908664,0.558750685564398,0.772960803265839,0.667504362090646,0.952363886431946,0.912183678736134,1.42745999040004,1.53496243388314,0.72552686536607,0.887402554069801,1.00962579229769,0.897276040426611,1.05385444688533,0.988573246196999]
SaccadeRandomization:[2,2,0,2,0,1,3,1,0,3,0,0,1,3,2,2,2,1,0,3,3,0,3,2,0,2,3,1,1,1,3,3,1,1,3,2,1,0,2,2,0,3,2,2,1,3,0,2,1,2,0,1,0,3,3,1,3,0,0,1,2,0,3,2,2,1,1,0,2,2,0,0,1,3,0,1,0,2,0,1,3,0,0,1,0,3,3,1,3,2,1,3,3,1,2,1,0,0,3,2,1,3,3,0,1,3,3,2,3,1,3,2,1,2,1,2,0,2,0,2,1,0,0,2,1,3,0,0,1,2,2,0,2,1,2,1,2,3,3,2,0,3,3,2,0,3,0,3,3,1,1,1,2,0,0,2,3,0,1,3,3,1,1,2,3,0,0,2,3,1,3,1,0,2,0,2,1,1,3,2,0,3,0,2,2,1,1,0,3,1,1,3,1,0,1,3,1,1,3,1,0,0,3,0,0,0,2,1,2,3,2,2,1,2,0,3,3,3,1,1,2,0,3,2,0,2,3,0,0,2,2,3,0,3,1,2,2,3,1,2]
cost:1
reward:0
reward_amount:[0.5,0.5,0.5,0.5,0.5,0.5,0.5,0.5,0.5,0.5,0.5,0.5,0.5,0.5,0.5,0.5,0.5,0.5,0.5,0.5,0.5,0.5,0.5,0.5,0.5,0.5,0.5,0.5,0.5,0.5,0.5,0.5,0.5,0.5,0.5,0.5,0.5,0.5,0.5,0.5,0.5,0.5,0.5,0.5,0.5,0.5,0.5,0.5,0.5,0.5,0.5,0.5,0.5,0.5,0.5,0.5,0.5,0.5,0.5,0.5,0.5,0.5,0.5,0.5,0.5,0.5,0.5,0.5,0.5,0.5,0.5,0.5]
