decision:1
size:0
numberOfTrials:12
numberOfBlocks:6
numberOfInstances:36
numberOfSaccadeTrials:60
numberOfSaccadeBlocks:4
cost_digits:[9,861904,1,482601,324618,629834,194876,174835,8,6,6,5,934510,8,926830,537812,5,9,9,8,2,659410,8,350628,2,6,8,836045,590421,502816,276315,480597,968572,1,145630,7,6,547039,7,958672,945283,780235,841923,843579,1,4,895342,367509,723168,367528,8,1,6,632781,3,2,8,3,709483,2,538692,635829,534986,3,9,7,289103,8,250789,806134,6,3]
instanceRandomization:[25,22,23,12,33,36,24,19,6,3,29,9,11,27,7,17,35,30,32,15,13,31,4,5,21,1,28,2,10,26,18,34,14,16,8,20,19,28,11,15,32,35,27,16,12,14,9,3,20,4,36,17,2,25,8,18,22,24,1,26,29,6,13,7,34,33,23,10,30,21,31,5]
ITI:[5,5,7,7,7,7,5,6,6,5,6,6,7,5,6,7,5,5,5,6,6,7,7,6,7,7,6,5,6,7,5,5,7,6,6,5,7,6,7,5,5,6,5,5,7,7,6,6,7,6,7,6,7,5,5,7,5,6,6,5,5,6,6,7,5,7,7,6,5,7,6,5]
SaccadeITI:[0.618634728462591,0.708335651298209,0.789001993582739,1.21678118312654,0.978141153211861,1.14839859095324,1.41068588451405,1.38469035828408,1.21195069116463,0.583882347428395,0.825913238086893,1.46133641454314,0.579868656563728,1.34735933037397,1.1554130341198,0.974036964801295,0.626044915736808,1.15726372341548,0.90612294220288,0.517238723793222,1.26629306490455,1.38689356318597,1.29873858273883,1.32230371490975,1.01078195705001,0.650435618571161,1.3172129932597,1.31199185944085,0.859173857820376,1.35065234078017,0.883200640305101,0.881198079073026,1.36369512577464,0.92905845514421,0.582749628209664,0.934601077790527,1.41398423605521,0.97747161097747,0.656829703346981,1.40215665379462,0.520510833458199,0.747940476265891,0.808609661393954,0.805288565558537,0.813294966918572,1.18566221159805,0.927705987337201,1.11370952355598,1.32759759363641,0.748909853845059,1.2781299513105,1.01310971866284,1.2662546725284,1.3394218464188,0.581001540626555,0.97629219268371,0.850782841424613,0.595742866144671,1.08813156581406,0.611379842021658]
SaccadeRandomization:[1,0,0,2,1,2,0,3,2,0,3,2,1,3,3,2,3,0,2,2,0,1,3,0,1,3,0,1,3,3,3,2,3,1,1,1,3,1,2,0,1,0,2,0,2,0,3,2,1,3,1,1,0,0,3,2,0,2,1,2,1,0,0,3,2,3,1,2,3,1,3,2,0,2,1,1,0,3,1,1,2,2,0,3,2,2,3,1,2,1,1,0,0,1,1,0,0,3,3,0,2,2,2,3,1,2,3,2,0,0,0,3,0,3,3,1,1,2,0,3,1,1,3,0,1,2,3,3,0,0,1,3,1,3,1,2,1,0,0,3,3,3,0,0,2,0,3,3,2,3,2,1,2,2,1,3,3,3,2,1,0,0,2,0,2,0,2,0,3,0,2,1,1,2,0,1,1,1,2,2,3,1,3,2,0,1,0,2,3,0,0,1,0,1,1,0,3,3,3,1,2,2,1,3,0,0,3,3,3,2,2,0,2,2,1,1,1,3,3,1,3,2,1,2,2,3,0,3,0,0,0,2,1,2,1,2,2,1,0,0]
cost:1
reward:0
reward_amount:[0.5,0.5,0.5,0.5,0.5,0.5,0.5,0.5,0.5,0.5,0.5,0.5,0.5,0.5,0.5,0.5,0.5,0.5,0.5,0.5,0.5,0.5,0.5,0.5,0.5,0.5,0.5,0.5,0.5,0.5,0.5,0.5,0.5,0.5,0.5,0.5,0.5,0.5,0.5,0.5,0.5,0.5,0.5,0.5,0.5,0.5,0.5,0.5,0.5,0.5,0.5,0.5,0.5,0.5,0.5,0.5,0.5,0.5,0.5,0.5,0.5,0.5,0.5,0.5,0.5,0.5,0.5,0.5,0.5,0.5,0.5,0.5]
