decision:1
size:0
numberOfTrials:12
numberOfBlocks:6
numberOfInstances:36
numberOfSaccadeTrials:60
numberOfSaccadeBlocks:4
cost_digits:[659410,547039,289103,926830,4,9,895342,502816,723168,194876,7,8,709483,590421,8,6,8,6,537812,6,945283,2,2,145630,2,1,324618,250789,632781,841923,1,8,6,8,3,780235,7,9,5,1,635829,836045,367528,2,3,8,174835,482601,861904,480597,5,9,629834,8,934510,3,8,958672,276315,3,367509,9,806134,350628,538692,6,968572,1,7,6,534986,843579]
instanceRandomization:[31,28,23,7,14,34,9,26,20,24,11,4,1,10,22,29,15,3,17,2,32,21,13,8,18,16,33,30,25,27,12,36,19,6,5,35,20,30,35,23,6,2,4,26,24,27,19,12,22,34,9,25,36,10,11,7,28,15,18,8,3,32,21,5,29,1,14,17,33,31,13,16]
ITI:[5,6,6,7,6,5,5,6,5,7,7,7,7,5,6,5,7,6,7,6,5,7,6,5,7,5,5,7,6,6,6,7,5,6,5,7,5,5,6,6,7,7,6,6,5,7,5,7,5,5,7,6,6,7,7,5,6,5,7,6,5,5,7,5,6,7,7,6,5,6,7,6]
SaccadeITI:[0.939963500104689,1.21630816100709,0.559623461073109,1.13418729984745,1.19100858629293,1.21509258364871,0.560318257516095,1.18650173125401,0.612944104797983,0.759757721653053,1.39908754811234,1.31350059909358,0.559053686303863,0.997617760296756,0.623526421231994,0.524564545923689,1.34406107836015,1.4173795365224,0.73190610888026,0.759786452255988,0.560830792734244,0.853461423279562,1.09007356511041,0.97267639785617,1.19136420180633,1.26914853844404,1.18077524597369,1.41066546188279,0.565528851790198,1.47161490316115,0.615318838363358,0.712517969166705,1.1341998901645,0.62688189195081,0.681139377035045,1.19773121862284,1.31623262245751,1.04926444040223,0.862443075604582,0.65113269732877,0.990830746801415,0.901378966957175,0.876804360277796,1.43242003963872,0.87764873643949,0.902871872387671,0.590165056377494,1.31853982139922,0.926043994814002,1.21588175030968,0.907896558843398,1.37514757676593,1.32112826904825,1.43650702372737,1.42873458386942,1.45183007916979,0.834587114486688,0.841006844160923,0.729866536190578,1.18151952102392]
SaccadeRandomization:[0,0,1,2,3,1,3,1,1,1,2,2,2,3,1,3,2,0,2,1,1,2,3,2,3,3,3,0,3,1,2,0,3,0,1,0,3,2,0,2,0,1,0,1,1,1,0,0,2,0,2,0,3,3,2,0,3,3,1,2,0,0,2,3,3,0,2,0,2,2,1,0,0,2,1,3,1,3,1,2,3,1,2,3,0,1,0,0,3,2,2,1,1,1,0,0,1,3,3,3,2,1,0,1,3,2,0,1,1,3,0,2,3,2,3,2,3,2,0,1,3,2,3,3,1,2,3,1,3,2,0,0,1,1,3,0,1,3,2,3,2,2,0,0,1,2,0,2,2,3,2,2,3,1,1,1,0,0,1,0,1,0,1,1,3,3,2,1,0,2,0,2,2,0,3,3,0,0,1,3,2,2,3,0,2,3,3,1,3,0,1,2,2,1,0,3,3,1,1,2,0,3,0,3,1,1,0,0,1,3,0,1,1,1,2,0,2,3,1,1,2,0,3,3,1,0,2,3,0,2,2,2,3,0,1,2,0,3,2,0]
cost:1
reward:0
reward_amount:[0.5,0.5,0.5,0.5,0.5,0.5,0.5,0.5,0.5,0.5,0.5,0.5,0.5,0.5,0.5,0.5,0.5,0.5,0.5,0.5,0.5,0.5,0.5,0.5,0.5,0.5,0.5,0.5,0.5,0.5,0.5,0.5,0.5,0.5,0.5,0.5,0.5,0.5,0.5,0.5,0.5,0.5,0.5,0.5,0.5,0.5,0.5,0.5,0.5,0.5,0.5,0.5,0.5,0.5,0.5,0.5,0.5,0.5,0.5,0.5,0.5,0.5,0.5,0.5,0.5,0.5,0.5,0.5,0.5,0.5,0.5,0.5]
