decision:1
size:0
numberOfTrials:12
numberOfBlocks:6
numberOfInstances:36
numberOfSaccadeTrials:60
numberOfSaccadeBlocks:4
cost_digits:[8,629834,7,7,934510,8,780235,6,537812,8,534986,6,145630,4,632781,480597,482601,843579,945283,6,2,3,547039,861904,6,289103,958672,8,538692,6,926830,9,194876,2,5,2,590421,1,324618,9,9,659410,709483,1,174835,1,1,3,895342,836045,367528,7,8,5,367509,250789,8,502816,635829,841923,3,276315,6,2,3,9,8,968572,350628,8,806134,723168]
instanceRandomization:[27,36,20,33,11,4,35,2,17,10,13,1,8,14,25,34,12,16,32,31,18,5,28,22,19,23,15,6,29,3,7,30,24,21,9,26,10,17,33,25,32,31,1,12,19,23,16,24,9,2,4,11,36,35,3,30,15,26,6,27,8,18,29,13,7,34,28,14,5,22,21,20]
ITI:[7,5,7,5,5,6,6,7,6,7,6,5,5,7,7,6,7,5,7,6,6,6,5,5,7,7,6,7,5,5,5,6,7,6,5,6,5,7,7,5,5,6,6,7,7,6,6,5,7,5,5,7,6,6,7,6,5,5,7,6,5,6,7,7,5,5,7,5,6,6,6,7]
SaccadeITI:[0.65311695736212,0.989715278459092,1.23583087775235,0.718060410426309,0.756736934029808,0.825122476865848,1.18437705103618,1.50930314565388,1.07650898428013,1.24492008060527,0.668371363387754,1.31617563714584,1.13573264873897,1.3364217421816,1.11745000964341,1.37994287845989,1.43674165577007,0.692444712466871,1.12606010686917,1.08167067014923,0.568580343931293,1.02256443871496,0.56265386667413,0.893517218374958,1.29274319422742,1.08551671363724,0.594492158231636,0.914262699972217,1.3772890251906,1.09727197031801,1.33603650106428,0.717166076957559,0.907991263627385,0.794317646728208,1.29976287678195,0.543801843964805,1.07820056246904,1.11476485229408,1.50343592379553,1.20218604508167,1.39364133410466,1.47067342706335,0.998561645237108,0.841341524462526,0.58177596059007,0.901054016392057,0.717470766122763,0.548035418226694,1.03591493431789,1.50665527729628,0.730860452943792,0.682643559373294,0.632827882266914,0.551977869899323,1.35689263100115,1.05913531904419,0.978873665289333,1.2863664367081,0.593419477886831,0.740619558452939]
SaccadeRandomization:[1,1,2,3,3,2,3,3,3,1,0,2,0,2,1,0,0,3,0,1,1,0,0,3,3,2,1,2,1,1,0,0,1,2,3,2,1,2,3,3,0,0,2,0,0,2,2,0,1,0,3,2,2,3,1,3,1,1,3,2,3,0,3,2,2,0,2,1,2,1,3,1,1,2,3,2,3,1,1,2,2,0,0,1,3,3,2,0,0,3,0,2,0,1,3,0,0,0,0,0,2,0,1,3,1,2,2,3,1,3,1,1,2,1,3,3,1,2,0,3,2,3,2,1,3,0,1,2,3,2,0,3,3,3,2,0,0,0,3,2,1,2,2,3,2,1,3,2,0,3,1,1,0,0,1,2,1,0,0,3,2,1,0,0,3,1,1,2,2,0,0,1,1,0,3,1,3,1,2,3,1,2,0,2,2,1,1,3,3,3,0,3,3,0,0,3,2,2,1,0,2,2,3,3,1,0,0,2,2,1,1,1,3,1,0,1,1,0,1,2,2,0,3,2,3,0,0,0,3,1,2,2,1,3,0,3,2,0,3,1]
cost:1
reward:0
reward_amount:[0.5,0.5,0.5,0.5,0.5,0.5,0.5,0.5,0.5,0.5,0.5,0.5,0.5,0.5,0.5,0.5,0.5,0.5,0.5,0.5,0.5,0.5,0.5,0.5,0.5,0.5,0.5,0.5,0.5,0.5,0.5,0.5,0.5,0.5,0.5,0.5,0.5,0.5,0.5,0.5,0.5,0.5,0.5,0.5,0.5,0.5,0.5,0.5,0.5,0.5,0.5,0.5,0.5,0.5,0.5,0.5,0.5,0.5,0.5,0.5,0.5,0.5,0.5,0.5,0.5,0.5,0.5,0.5,0.5,0.5,0.5,0.5]
