decision:1
size:0
numberOfTrials:12
numberOfBlocks:6
numberOfInstances:36
numberOfSaccadeTrials:60
numberOfSaccadeBlocks:4
cost_digits:[547039,2,629834,537812,174835,3,2,289103,836045,3,968572,861904,6,367528,8,9,5,538692,250789,1,3,9,945283,8,145630,7,2,8,276315,7,895342,723168,367509,635829,6,1,6,841923,8,8,194876,843579,4,8,926830,480597,806134,1,9,502816,958672,6,324618,934510,3,6,8,590421,632781,482601,709483,2,1,534986,659410,8,350628,780235,9,7,6,5]
instanceRandomization:[28,13,36,17,19,5,26,23,2,7,14,22,31,4,15,25,35,29,30,16,24,34,32,27,8,11,21,10,18,33,9,20,3,6,1,12,19,27,4,6,24,16,14,36,7,34,21,17,30,26,15,2,33,11,8,3,28,10,25,12,1,18,23,13,31,22,5,35,32,20,29,9]
ITI:[5,7,5,6,7,7,5,6,5,6,6,7,7,5,6,5,6,5,7,6,5,7,7,6,5,6,6,6,5,7,7,6,7,5,5,7,5,5,7,6,6,5,5,6,7,6,7,7,7,5,5,7,7,6,5,6,6,5,6,7,6,7,6,5,7,7,6,5,5,6,7,5]
SaccadeITI:[0.870085378538352,0.954160311620217,1.06946032926207,1.02701138578122,0.800089172215667,1.05033348373836,0.995622356783133,0.986613680736627,0.916901584144216,1.49476352067431,0.854891159466934,1.33974663157715,1.32767097827746,1.2259946483071,0.697814049792942,0.810610176657792,0.850046262971591,0.895204778888729,1.49626005523605,0.777545301837381,0.678085134492721,0.783067418390419,1.11907533592312,1.2094757171697,1.28060107411584,1.41751685006311,0.614326037361752,1.07922281011706,1.44826778921997,1.39228483279003,1.2488118152949,0.551061366812792,1.02749507980188,0.582456060813274,1.1394743152312,0.649057256185915,0.733280946162995,0.920280437113252,0.850281133910175,1.03798828030704,1.02407336829929,0.821824580559041,1.4635892567574,0.975310658465605,1.00003192307195,0.954002019378822,1.19778629195644,0.669047065207269,1.05544049794553,1.24087907526409,1.4943745619501,0.695978185057174,1.30662678451044,0.59851948999567,1.08255867114058,1.21421839821851,0.73899572378723,1.09496604477754,0.622876101301517,0.545966364571359]
SaccadeRandomization:[2,1,3,2,2,2,1,1,0,3,2,0,3,3,3,2,0,0,1,2,2,3,0,0,3,0,3,1,1,2,3,1,1,1,0,1,3,0,2,0,0,3,3,1,1,3,2,0,1,3,2,0,0,0,1,1,2,2,2,3,2,2,3,1,1,0,1,1,3,3,3,0,1,0,0,3,0,2,3,0,0,0,1,2,0,1,2,0,0,0,3,2,1,0,0,3,3,1,3,2,2,1,3,1,3,2,3,2,1,1,2,3,2,1,3,0,2,1,2,2,1,2,3,3,3,1,0,0,0,2,2,3,0,3,2,1,0,0,3,2,1,3,3,2,0,2,2,3,1,0,0,2,0,0,1,1,3,3,0,3,3,1,2,0,2,1,1,3,1,1,2,2,0,2,2,1,1,0,3,1,0,0,1,2,3,2,0,2,0,3,3,2,1,3,2,2,2,1,2,1,0,0,2,1,1,2,1,3,0,3,1,0,2,0,0,3,3,1,1,3,2,0,1,1,0,3,1,3,0,3,3,1,3,2,3,0,1,2,0,2]
cost:1
reward:0
reward_amount:[0.5,0.5,0.5,0.5,0.5,0.5,0.5,0.5,0.5,0.5,0.5,0.5,0.5,0.5,0.5,0.5,0.5,0.5,0.5,0.5,0.5,0.5,0.5,0.5,0.5,0.5,0.5,0.5,0.5,0.5,0.5,0.5,0.5,0.5,0.5,0.5,0.5,0.5,0.5,0.5,0.5,0.5,0.5,0.5,0.5,0.5,0.5,0.5,0.5,0.5,0.5,0.5,0.5,0.5,0.5,0.5,0.5,0.5,0.5,0.5,0.5,0.5,0.5,0.5,0.5,0.5,0.5,0.5,0.5,0.5,0.5,0.5]
