decision:1
size:0
numberOfTrials:12
numberOfBlocks:6
numberOfInstances:36
numberOfSaccadeTrials:60
numberOfSaccadeBlocks:4
cost_digits:[250789,1,629834,367528,895342,276315,7,8,1,926830,968572,1,2,502816,3,538692,8,5,6,861904,8,289103,324618,2,6,367509,3,194876,934510,9,632781,635829,6,8,945283,6,659410,2,843579,4,958672,174835,547039,9,836045,6,723168,5,1,841923,8,9,6,9,350628,8,780235,482601,8,537812,3,3,2,709483,534986,7,590421,7,145630,480597,806134,8]
instanceRandomization:[30,12,36,4,9,18,20,10,16,7,14,17,21,26,8,29,28,35,19,22,27,23,33,13,2,3,5,24,11,34,25,6,1,15,32,31,31,18,16,14,15,19,28,32,2,29,20,9,23,27,4,25,3,30,5,22,35,12,6,17,24,7,26,1,13,33,10,11,8,34,21,36]
ITI:[7,5,6,5,7,6,7,5,7,6,6,5,7,6,7,5,5,6,7,6,6,7,5,5,6,5,6,7,7,7,5,6,5,5,6,7,6,6,5,7,7,5,7,5,5,6,7,6,6,5,5,7,6,7,6,7,7,5,5,6,7,5,7,7,7,6,6,5,5,6,6,5]
SaccadeITI:[0.717555459666376,0.660138274387767,0.783280699824293,1.15696915200291,1.24750244508808,0.941777797493463,1.17756977615257,0.861692112016802,0.594749317349245,1.31318066253637,0.619336739260082,1.41413537606907,1.0815908020207,0.630985765329872,1.08070759203595,1.00749673259755,0.690496409622331,0.961814143074055,0.866702632590507,0.899684913999711,0.917676223519569,0.839084086318811,1.37047447597918,1.30040336873693,0.844773460955669,1.12637526270313,1.28552046472517,0.684961969110494,0.566861479387929,0.933341483430316,1.44499422710699,0.940075813171764,1.41597618007412,0.741598280457159,1.41683225876962,1.23541998521735,1.33114683635843,1.04027869280738,1.04689689523851,1.1023879822654,0.815642826802408,1.14224641195809,0.868189039950569,0.907876164730017,0.700557723020514,0.839670095670347,1.09956523481136,1.05271649252002,0.85087694421721,1.3897361541943,0.54512787455072,1.14775203292569,0.573512994761889,1.1436198138011,0.812830314350625,1.3653876647198,1.4654799970643,0.80214432029364,0.757858999616777,1.42676267058899]
SaccadeRandomization:[1,2,3,2,2,0,0,2,3,1,0,0,1,3,3,3,2,2,3,2,0,2,0,0,2,0,0,3,1,3,0,1,3,3,1,3,3,2,0,0,3,1,0,1,3,1,2,1,1,3,0,2,2,2,1,0,1,2,1,1,2,1,2,3,1,3,0,1,0,1,0,0,1,1,2,2,3,0,3,0,1,0,0,3,3,1,1,3,0,1,2,3,1,1,3,2,2,0,0,2,3,2,3,0,1,1,3,2,1,3,2,2,2,3,0,3,2,2,0,0,1,0,2,1,2,0,1,2,3,2,3,3,0,2,2,1,2,1,0,3,3,2,1,2,1,3,0,1,3,0,0,3,0,3,0,0,3,0,0,3,0,1,1,1,2,3,3,2,2,1,1,3,0,0,1,1,2,3,2,2,1,2,2,0,1,1,3,0,3,0,2,2,0,1,1,2,3,3,1,1,3,2,2,0,1,0,1,0,1,3,3,0,2,0,1,1,1,3,0,0,1,0,2,3,1,2,2,3,2,2,3,3,3,0,3,0,2,3,0,2]
cost:1
reward:0
reward_amount:[0.5,0.5,0.5,0.5,0.5,0.5,0.5,0.5,0.5,0.5,0.5,0.5,0.5,0.5,0.5,0.5,0.5,0.5,0.5,0.5,0.5,0.5,0.5,0.5,0.5,0.5,0.5,0.5,0.5,0.5,0.5,0.5,0.5,0.5,0.5,0.5,0.5,0.5,0.5,0.5,0.5,0.5,0.5,0.5,0.5,0.5,0.5,0.5,0.5,0.5,0.5,0.5,0.5,0.5,0.5,0.5,0.5,0.5,0.5,0.5,0.5,0.5,0.5,0.5,0.5,0.5,0.5,0.5,0.5,0.5,0.5,0.5]
