decision:1
size:0
numberOfTrials:12
numberOfBlocks:6
numberOfInstances:36
numberOfSaccadeTrials:60
numberOfSaccadeBlocks:4
cost_digits:[289103,6,3,6,2,2,958672,7,968572,635829,537812,8,8,8,6,6,843579,836045,926830,7,1,629834,8,480597,895342,6,3,2,502816,780235,934510,250789,9,861904,632781,194876,9,3,1,4,547039,367528,9,350628,8,659410,945283,7,145630,6,806134,8,276315,8,723168,5,324618,534986,2,1,5,174835,538692,367509,590421,1,3,841923,8,709483,9,482601]
instanceRandomization:[23,1,8,29,21,18,15,33,14,6,17,4,27,28,31,19,16,2,7,20,12,36,10,34,9,3,5,13,26,35,11,30,32,22,25,24,25,24,16,14,28,4,30,5,22,31,32,11,8,2,21,15,18,6,20,35,33,13,26,23,9,19,29,3,10,17,7,27,36,1,34,12]
ITI:[5,6,7,5,5,5,6,6,7,7,6,7,6,6,5,6,5,7,5,7,7,5,6,7,6,6,6,6,7,7,7,5,5,5,7,5,7,7,5,5,7,6,7,5,6,6,5,6,6,5,7,6,7,6,6,5,5,7,7,5,5,5,7,5,7,6,6,7,5,7,6,6]
SaccadeITI:[1.02681110839282,1.22384567622018,0.60417918342088,0.920984792224287,1.17240077343692,1.18990327574235,1.22294310520325,1.10819560981278,1.06432026129138,1.17028093866926,0.658255578884079,1.18857533524667,0.611403230046077,0.798930153883218,0.663401669058173,1.46067596127202,1.32001896661629,1.15858078159314,1.17782598541041,0.665810412195666,0.722369434013187,1.11478402412419,1.41036943665628,1.10152628964667,0.695213237478553,0.862812382103099,1.03893298090358,1.21801197219562,0.656807802784412,1.36232304682878,1.17770653909926,1.11510330315602,1.25099687946883,0.9377318338297,0.746673702662035,0.780093927801742,1.45832764094618,1.39071764906791,1.44471437966373,0.639803185061707,1.34606352977377,1.22912461443727,1.21651430281733,0.639788660620494,0.509624841091378,0.638431324091895,0.547269556372582,1.15701454475444,0.512033028229295,1.18564105143693,1.36680837294941,0.599319790889664,1.48594416601506,0.582786288046433,0.545082594434886,0.515846390444009,1.09730727777739,1.06923211918135,0.889365170550688,1.33443992997442]
SaccadeRandomization:[0,3,3,2,3,2,2,0,1,3,0,0,1,3,3,1,0,2,1,0,1,0,1,3,2,1,0,3,1,2,3,0,2,1,3,0,1,0,3,1,2,2,1,1,2,3,0,2,1,0,0,0,3,2,1,3,2,2,2,3,1,1,0,2,3,1,0,3,2,0,2,2,3,0,2,2,3,3,3,1,0,1,1,2,1,0,2,2,3,2,2,1,3,3,2,0,0,3,2,1,1,1,0,0,3,3,3,1,1,2,0,1,2,0,0,3,3,1,0,0,3,0,2,1,3,3,0,2,2,0,1,0,0,1,1,3,1,2,3,1,3,1,2,0,3,3,0,3,0,2,2,1,3,3,0,0,2,2,2,3,0,1,1,1,0,1,2,2,0,0,1,1,0,2,3,3,2,1,3,2,1,1,2,1,3,0,2,3,2,0,3,1,3,1,3,1,1,2,1,2,1,3,3,1,2,3,0,1,1,3,0,2,1,3,0,3,2,2,0,1,3,2,0,0,2,0,1,0,0,3,0,3,0,2,0,2,2,2,3,0]
cost:1
reward:0
reward_amount:[0.5,0.5,0.5,0.5,0.5,0.5,0.5,0.5,0.5,0.5,0.5,0.5,0.5,0.5,0.5,0.5,0.5,0.5,0.5,0.5,0.5,0.5,0.5,0.5,0.5,0.5,0.5,0.5,0.5,0.5,0.5,0.5,0.5,0.5,0.5,0.5,0.5,0.5,0.5,0.5,0.5,0.5,0.5,0.5,0.5,0.5,0.5,0.5,0.5,0.5,0.5,0.5,0.5,0.5,0.5,0.5,0.5,0.5,0.5,0.5,0.5,0.5,0.5,0.5,0.5,0.5,0.5,0.5,0.5,0.5,0.5,0.5]
