decision:1
size:0
numberOfTrials:12
numberOfBlocks:6
numberOfInstances:36
numberOfSaccadeTrials:60
numberOfSaccadeBlocks:4
cost_digits:[145630,3,538692,659410,5,723168,861904,590421,367528,1,8,843579,367509,968572,2,6,806134,2,7,958672,6,9,324618,5,841923,9,3,9,926830,289103,8,635829,6,9,534986,1,709483,547039,6,632781,7,8,8,6,174835,276315,537812,629834,7,3,2,482601,8,502816,895342,836045,6,8,1,2,1,780235,945283,480597,934510,350628,8,3,194876,4,8,250789]
instanceRandomization:[8,5,29,31,35,20,22,10,4,17,28,16,3,14,18,19,21,26,11,15,1,25,33,9,27,34,24,30,7,23,36,6,2,32,13,12,1,28,3,25,33,6,27,31,19,18,17,36,20,7,13,12,15,26,9,2,29,22,16,21,23,35,32,34,11,5,4,8,24,14,10,30]
ITI:[6,5,7,6,7,7,6,7,6,5,5,5,6,5,6,6,5,7,6,7,7,5,7,5,6,5,7,5,6,6,7,7,6,5,7,5,7,6,6,7,5,5,6,5,5,6,7,7,7,5,5,7,7,7,6,5,6,5,6,6,6,5,7,7,6,5,5,5,6,7,7,6]
SaccadeITI:[1.47884075531814,0.846827504244478,1.51569773701097,0.83708000650707,0.656965134451942,0.869443732100384,1.13313984174359,0.662248734869839,0.944818174020232,1.42318480230945,0.769283038583429,0.979223807361753,1.07970987122584,0.651253581066461,0.898788016774536,1.30585998857471,0.888555546543406,1.33355986235741,0.901253754990952,1.226054430493,0.818470865740286,0.793967808849023,1.08802519391368,0.740741750710489,0.766951086717503,1.50065477892834,0.916855943175809,0.876725141211258,0.835524817948074,1.43394293055947,1.11188212737519,0.528937262735174,0.673103574682803,1.01148188931014,1.17176424620751,0.747077468103574,0.852768387432055,0.724731485378773,0.708813587223024,0.978661379563467,1.07731180314052,0.659475581972705,0.94520106727335,1.18855646324422,0.943710333687098,1.35610142002891,0.985250583170758,0.982919117920877,1.13437648771408,1.42066351372826,0.973735797471212,1.32765507211055,0.772217275361375,1.33348587483245,0.998253277056695,1.00492735232304,0.700711382805215,1.49294036838304,1.31162101288404,0.708016168578373]
SaccadeRandomization:[2,1,3,1,1,2,3,0,2,1,3,2,0,3,1,0,1,2,1,3,3,2,3,2,3,3,2,0,0,0,1,0,0,0,2,1,2,1,3,2,3,3,3,1,2,0,1,0,1,0,2,1,0,2,0,3,2,0,3,1,1,3,0,3,1,2,2,0,3,3,3,2,3,3,0,0,2,0,1,1,3,1,0,2,2,3,1,1,2,3,2,0,0,2,1,1,1,1,2,3,2,3,3,2,0,1,3,0,0,1,1,1,2,0,0,0,2,0,3,2,2,3,0,2,3,1,2,0,3,1,1,0,3,0,3,3,0,3,1,1,2,0,3,3,3,2,1,2,2,0,1,0,2,3,2,0,2,2,3,3,1,2,1,0,0,2,3,1,0,1,0,1,1,1,0,3,0,2,1,2,3,1,1,1,0,1,2,0,1,2,3,1,1,1,1,0,2,2,2,3,2,2,1,0,1,0,3,3,2,0,3,0,2,0,3,3,0,2,3,3,1,1,0,3,3,0,1,2,2,3,3,1,2,2,0,0,0,2,0,3]
cost:1
reward:0
reward_amount:[0.5,0.5,0.5,0.5,0.5,0.5,0.5,0.5,0.5,0.5,0.5,0.5,0.5,0.5,0.5,0.5,0.5,0.5,0.5,0.5,0.5,0.5,0.5,0.5,0.5,0.5,0.5,0.5,0.5,0.5,0.5,0.5,0.5,0.5,0.5,0.5,0.5,0.5,0.5,0.5,0.5,0.5,0.5,0.5,0.5,0.5,0.5,0.5,0.5,0.5,0.5,0.5,0.5,0.5,0.5,0.5,0.5,0.5,0.5,0.5,0.5,0.5,0.5,0.5,0.5,0.5,0.5,0.5,0.5,0.5,0.5,0.5]
