decision:1
size:0
numberOfTrials:12
numberOfBlocks:6
numberOfInstances:36
numberOfSaccadeTrials:60
numberOfSaccadeBlocks:4
cost_digits:[145630,502816,174835,8,9,895342,780235,3,2,8,480597,7,7,1,1,968572,289103,861904,3,632781,958672,538692,629834,8,806134,6,590421,9,836045,6,7,6,482601,2,547039,3,9,8,5,2,324618,367509,709483,4,723168,934510,635829,841923,843579,9,6,6,1,659410,926830,534986,8,2,5,6,8,537812,250789,1,350628,8,367528,276315,194876,945283,3,8]
instanceRandomization:[8,26,19,4,32,9,35,7,13,27,34,33,11,17,16,14,23,22,5,25,15,29,36,6,21,31,10,30,2,3,20,1,12,18,28,24,25,28,35,21,33,3,1,14,20,11,6,27,16,34,2,19,12,31,7,13,10,26,9,29,15,17,30,23,5,36,4,18,24,32,8,22]
ITI:[5,6,6,5,5,6,7,5,7,7,7,6,6,6,5,5,5,7,7,7,6,5,6,7,6,7,5,5,5,7,7,7,5,6,6,6,5,7,6,6,7,7,5,5,6,7,5,6,6,6,6,7,5,5,5,6,7,5,7,7,6,5,6,7,6,5,5,7,7,6,7,5]
SaccadeITI:[1.11122796763278,1.15450047361276,1.44351021581873,1.42687120739914,0.775111536584639,0.986810821197772,0.906015687478551,0.552592440597558,1.46380907329343,0.76591790173746,0.981690536342406,1.17336088264904,0.545702270554223,1.38044108948282,0.80763221331484,0.719949392458269,0.695708266315826,0.928559540161708,0.520278330050254,0.899506548276016,1.4756325395739,1.0234675687699,0.942987752701932,1.05032217674501,0.741553380708986,0.862282723976144,1.1925995597577,1.08652765312775,0.860699872808376,1.33213361291758,0.90381482601709,0.787456824533486,1.28315519922956,1.01871901526659,1.11165538602121,0.58938856315411,0.748652859680199,0.73289363886773,0.915373767582544,0.593473442220905,1.40857886182688,1.42886468753762,1.08767411866769,1.11608420996539,1.44756854637138,1.17745560346715,1.23453162596173,1.22730453204907,0.671751355143109,0.822027388816544,1.39075224320016,0.933858448030272,0.945650077281365,0.840379429371872,1.19781742393582,0.799019407570207,0.71336771742984,0.872289074441263,0.949754578383484,1.24328391193024]
SaccadeRandomization:[1,0,2,3,3,2,1,0,1,2,0,3,1,0,3,0,0,3,2,2,1,1,1,2,1,3,3,3,3,1,2,0,3,2,1,3,2,1,0,2,0,2,1,0,0,0,3,1,2,3,0,2,2,1,3,0,1,3,2,0,0,3,2,3,0,0,1,1,3,2,3,2,2,3,1,3,2,3,3,0,2,2,2,0,3,1,1,2,1,1,0,3,0,3,2,2,0,2,1,0,1,2,2,0,3,1,0,0,3,1,1,1,3,2,1,0,0,3,1,0,2,2,2,0,3,3,0,1,3,2,0,2,1,3,1,3,2,2,1,1,0,1,3,1,1,0,3,1,2,3,2,1,2,2,0,0,3,0,2,1,0,0,2,0,3,1,0,1,0,3,3,2,3,3,1,1,2,0,3,0,1,1,3,2,0,0,0,2,3,1,2,2,0,0,3,3,0,1,1,0,2,3,3,2,1,2,1,0,3,2,3,3,1,2,1,1,3,0,1,3,0,0,2,1,0,1,0,0,1,2,3,2,3,3,2,0,2,3,2,1]
cost:1
reward:0
reward_amount:[0.5,0.5,0.5,0.5,0.5,0.5,0.5,0.5,0.5,0.5,0.5,0.5,0.5,0.5,0.5,0.5,0.5,0.5,0.5,0.5,0.5,0.5,0.5,0.5,0.5,0.5,0.5,0.5,0.5,0.5,0.5,0.5,0.5,0.5,0.5,0.5,0.5,0.5,0.5,0.5,0.5,0.5,0.5,0.5,0.5,0.5,0.5,0.5,0.5,0.5,0.5,0.5,0.5,0.5,0.5,0.5,0.5,0.5,0.5,0.5,0.5,0.5,0.5,0.5,0.5,0.5,0.5,0.5,0.5,0.5,0.5,0.5]
