decision:1
size:0
numberOfTrials:12
numberOfBlocks:6
numberOfInstances:36
numberOfSaccadeTrials:60
numberOfSaccadeBlocks:4
cost_digits:[895342,590421,8,723168,3,9,534986,1,250789,709483,926830,9,537812,958672,482601,3,8,7,6,8,276315,6,174835,806134,1,9,8,934510,2,5,350628,367528,8,968572,659410,6,7,547039,8,6,480597,2,632781,289103,5,635829,9,841923,538692,2,836045,8,7,861904,780235,6,194876,3,629834,145630,1,502816,843579,2,3,1,945283,324618,8,6,4,367509]
instanceRandomization:[9,10,27,20,8,34,13,16,30,1,7,32,17,15,12,24,28,33,2,36,18,29,19,21,23,25,22,11,26,35,5,4,6,14,31,3,20,28,15,1,34,13,25,23,9,6,30,27,29,18,2,10,11,22,35,19,24,7,36,8,12,26,16,21,5,17,32,33,4,31,14,3]
ITI:[6,5,7,6,5,5,7,6,5,7,7,6,6,5,6,7,6,7,5,7,5,7,6,5,7,6,6,5,6,5,7,5,7,5,7,6,7,6,5,6,6,6,7,7,5,5,5,7,6,6,6,5,5,7,7,5,7,6,5,7,5,6,7,7,7,5,6,7,5,6,6,5]
SaccadeITI:[1.01760509735129,0.533291060562866,0.947212679629835,0.920117092637035,0.876499590083646,1.34910855916484,1.32519084340117,0.762328107228192,1.32096366057328,0.64600385245091,1.21589927151023,1.18251012576899,1.17881308714083,1.38015495109527,0.670282817763897,1.33209409806101,1.43583379578001,0.872339374936807,0.981691199673029,1.0092474337124,1.24134439727447,1.11535420091047,1.38336791898279,0.851700434546607,1.14924345383576,0.850931207967612,0.683936616956877,0.681196227987918,1.04785185641764,1.2338223555979,1.36655219932242,0.88706503281525,0.529783176576408,0.955397985728147,0.579232121670308,1.31983961546017,1.34531758594482,0.846796174851867,0.962926555743131,1.00540653019367,0.964741846399071,0.657062327574628,0.935981392247292,0.967085316862601,0.93699860558069,0.626422143160986,0.798090115507754,0.555446710988569,1.35581948290734,1.43177580516009,1.47178038334629,1.04706003967828,0.917013588446813,1.05787568315088,1.32325147519975,0.836051803167599,0.945943281372699,0.682862364073905,0.874414458024936,0.620070829840067]
SaccadeRandomization:[2,1,0,0,0,0,2,0,3,3,2,1,1,2,3,1,2,0,3,3,2,2,1,3,1,0,2,2,1,3,0,3,3,1,0,2,2,0,1,2,0,1,2,1,3,3,3,0,1,3,3,1,0,0,2,1,2,1,0,3,1,1,0,2,1,2,1,0,3,2,3,2,2,3,2,2,0,1,2,0,1,3,0,0,3,0,0,2,3,3,2,0,3,2,3,1,0,3,2,3,1,1,2,3,3,0,2,1,1,3,2,1,1,1,3,0,0,0,1,0,2,2,0,1,3,1,2,2,2,0,1,1,0,3,0,1,2,0,1,1,3,0,2,0,3,3,2,3,1,0,1,2,3,2,1,0,0,1,2,0,3,3,0,3,2,2,0,3,2,2,3,3,1,3,1,1,0,3,1,0,1,2,2,1,0,1,0,0,2,3,1,0,2,3,3,3,3,1,1,1,3,2,1,0,3,0,3,0,2,1,1,3,0,2,2,1,0,0,0,2,1,3,2,2,3,3,3,0,0,2,3,1,1,0,0,2,2,3,2,1]
cost:1
reward:0
reward_amount:[0.5,0.5,0.5,0.5,0.5,0.5,0.5,0.5,0.5,0.5,0.5,0.5,0.5,0.5,0.5,0.5,0.5,0.5,0.5,0.5,0.5,0.5,0.5,0.5,0.5,0.5,0.5,0.5,0.5,0.5,0.5,0.5,0.5,0.5,0.5,0.5,0.5,0.5,0.5,0.5,0.5,0.5,0.5,0.5,0.5,0.5,0.5,0.5,0.5,0.5,0.5,0.5,0.5,0.5,0.5,0.5,0.5,0.5,0.5,0.5,0.5,0.5,0.5,0.5,0.5,0.5,0.5,0.5,0.5,0.5,0.5,0.5]
