decision:1
size:0
numberOfTrials:12
numberOfBlocks:6
numberOfInstances:36
numberOfSaccadeTrials:60
numberOfSaccadeBlocks:4
cost_digits:[1,806134,2,547039,632781,6,958672,6,1,895342,9,502816,590421,629834,926830,3,3,2,6,8,8,367509,367528,250789,6,4,861904,482601,780235,709483,9,3,7,289103,723168,7,8,8,836045,659410,9,2,324618,5,635829,537812,276315,8,2,174835,350628,934510,843579,480597,8,7,945283,194876,6,9,1,5,534986,841923,538692,6,968572,145630,1,8,8,3]
instanceRandomization:[17,21,13,28,25,19,15,31,16,9,34,26,10,36,7,8,5,18,2,27,6,3,4,30,29,14,22,12,35,1,32,24,11,23,20,33,10,22,2,31,30,26,33,9,6,17,18,36,21,19,5,11,16,34,28,20,32,24,3,25,23,35,13,27,29,1,14,8,12,4,15,7]
ITI:[5,5,5,7,6,5,7,7,6,6,7,6,7,6,7,6,5,5,7,7,6,5,6,5,7,7,5,5,6,6,6,5,7,5,6,7,6,6,5,6,7,5,6,5,7,7,5,7,5,6,7,6,7,7,7,5,5,5,6,6,5,5,7,6,7,5,6,5,7,6,7,6]
SaccadeITI:[0.774008444972181,0.625878890506768,1.15834324736691,0.686827372988531,1.38370294333048,0.832663366800019,1.4085016094575,1.41265531349539,1.38230597204141,0.544065084537336,1.11140699940346,1.1820049332416,0.724828433474371,1.23856461187437,1.36668089520729,1.38770783622361,1.27808760152742,0.484944108869725,1.04777975403316,1.25694519024886,0.872452537292459,1.44685541442207,1.32350997859224,0.683819906083712,1.34932594792529,0.864083254007467,0.527706733202407,1.43729025218248,0.904286226486632,0.96861746487751,0.521302759177828,0.693191874069938,1.20002765743605,0.645358281671846,1.03487016935445,1.24224961176127,0.864582986567014,1.00103689729779,0.484474402615645,1.1747708769942,0.765787930922428,0.926901040362039,0.712035107655296,0.86143191693894,1.07158450781911,0.866074447283366,0.977725023399883,1.44612065213344,1.43346548848397,0.903223763216132,1.3608778822197,1.26939515140451,0.515144538363287,1.43188606877423,0.493410651568168,1.20870976941272,1.11407596873663,0.537788782963374,1.05505141941442,0.521594047309676]
SaccadeRandomization:[0,1,0,2,2,3,1,2,0,3,1,1,3,3,2,1,2,0,2,0,2,1,2,2,0,2,0,1,0,1,3,2,1,3,3,3,3,3,0,0,3,1,0,2,1,0,1,0,1,0,1,2,2,0,3,2,3,1,3,3,3,3,3,0,2,1,1,0,0,1,2,2,1,3,2,0,3,1,1,0,3,1,3,1,1,0,2,2,1,2,3,2,2,3,0,1,2,0,2,3,2,1,2,3,0,1,0,3,2,0,1,0,3,1,3,0,0,2,3,0,2,3,3,3,0,2,1,2,2,2,2,3,3,2,1,3,2,1,0,1,0,2,0,0,3,3,1,2,0,1,3,0,1,2,0,3,2,2,1,1,2,0,1,3,0,1,0,3,0,3,3,2,1,1,0,0,1,0,1,3,2,1,3,2,3,3,1,1,1,3,2,3,1,0,2,1,3,3,2,0,0,0,3,3,1,1,1,1,3,3,0,0,2,0,1,0,0,2,2,2,2,0,2,2,1,3,3,2,3,0,0,0,1,0,1,2,0,1,3,2]
cost:1
reward:0
reward_amount:[0.5,0.5,0.5,0.5,0.5,0.5,0.5,0.5,0.5,0.5,0.5,0.5,0.5,0.5,0.5,0.5,0.5,0.5,0.5,0.5,0.5,0.5,0.5,0.5,0.5,0.5,0.5,0.5,0.5,0.5,0.5,0.5,0.5,0.5,0.5,0.5,0.5,0.5,0.5,0.5,0.5,0.5,0.5,0.5,0.5,0.5,0.5,0.5,0.5,0.5,0.5,0.5,0.5,0.5,0.5,0.5,0.5,0.5,0.5,0.5,0.5,0.5,0.5,0.5,0.5,0.5,0.5,0.5,0.5,0.5,0.5,0.5]
