decision:1
size:0
numberOfTrials:12
numberOfBlocks:6
numberOfInstances:36
numberOfSaccadeTrials:60
numberOfSaccadeBlocks:4
cost_digits:[1,629834,861904,367509,289103,9,659410,9,958672,8,780235,2,7,8,843579,723168,6,1,2,194876,2,6,926830,8,945283,547039,350628,6,9,2,590421,968572,145630,5,6,324618,5,6,836045,841923,7,4,480597,806134,538692,7,709483,537812,1,3,174835,632781,482601,9,502816,534986,8,3,3,8,6,934510,8,8,8,276315,3,635829,250789,1,367528,895342]
instanceRandomization:[12,36,22,3,23,25,31,34,15,6,35,26,11,4,16,20,1,17,13,24,18,19,7,27,32,28,5,29,30,21,10,14,8,9,2,33,35,3,2,27,33,14,34,21,29,20,1,17,16,8,19,25,12,32,26,13,15,5,7,28,31,11,10,22,36,18,24,6,30,23,4,9]
ITI:[5,7,6,5,5,5,7,6,6,7,6,7,6,7,6,6,7,5,6,7,7,5,5,5,7,6,6,7,7,5,5,7,5,6,5,6,6,5,5,7,7,6,6,7,6,5,5,7,6,7,7,6,7,5,5,5,6,5,7,6,5,5,7,6,7,7,6,6,5,7,5,6]
SaccadeITI:[0.762357024506976,0.98578984712561,1.23474971627196,1.21677956779798,0.77565776327004,0.99350224485,1.14241346510438,0.872236865603675,0.98781879132924,0.860931916659077,0.982906735533227,0.906098852896442,0.779860788056006,1.14241185484764,0.935414268666257,0.897406625825291,0.939741671349232,1.04422769978022,0.86074328868029,1.42096083218542,0.648998276128744,1.07151674715181,1.14762911762421,1.2401136590944,0.471271168937286,1.20597635119533,1.23996801887018,0.759172254971539,0.900922204631691,0.853895937123646,0.716310228950654,0.856745599567269,0.807516341594358,1.3333473571421,1.38282924241697,0.568822458883127,0.778651722737898,1.05507101028537,0.735985974812259,0.731320048713436,1.01736720677776,1.20704292695348,0.535614199268942,1.24309131715757,1.35904083962863,1.39650465132048,1.28012681802114,0.897520083499451,0.999875240058949,0.497676675471788,1.24063146583115,0.861554346776878,0.968470263791581,1.4318287072548,0.804218947685634,0.962130058355009,1.22948995771197,1.09127646291939,1.38125939460782,1.34720689573636]
SaccadeRandomization:[2,0,3,1,3,3,2,3,0,3,0,2,2,2,1,3,3,0,3,1,2,0,1,1,2,2,1,3,1,2,0,0,2,2,0,1,3,0,1,0,0,1,1,2,3,2,0,2,1,0,3,3,3,1,1,0,0,3,1,2,0,3,1,1,2,1,2,1,2,0,0,3,3,0,3,1,1,2,2,0,2,0,1,2,2,0,3,0,0,0,3,1,1,3,3,2,0,2,0,0,3,2,2,1,1,1,1,0,2,3,3,2,2,3,1,3,0,1,3,3,3,1,0,3,0,0,1,3,2,0,2,1,0,3,3,0,1,0,2,0,1,2,1,0,2,1,2,1,2,1,3,2,3,3,1,0,2,3,3,1,2,0,3,2,1,2,3,2,2,3,3,2,0,0,1,0,3,1,0,1,0,3,2,3,2,1,2,3,0,2,1,2,1,1,3,0,3,2,1,2,3,0,3,0,3,0,1,1,3,2,2,3,2,2,0,3,1,0,1,1,3,0,2,0,3,0,3,0,1,1,1,3,2,2,0,0,1,0,2,1]
cost:1
reward:0
reward_amount:[0.5,0.5,0.5,0.5,0.5,0.5,0.5,0.5,0.5,0.5,0.5,0.5,0.5,0.5,0.5,0.5,0.5,0.5,0.5,0.5,0.5,0.5,0.5,0.5,0.5,0.5,0.5,0.5,0.5,0.5,0.5,0.5,0.5,0.5,0.5,0.5,0.5,0.5,0.5,0.5,0.5,0.5,0.5,0.5,0.5,0.5,0.5,0.5,0.5,0.5,0.5,0.5,0.5,0.5,0.5,0.5,0.5,0.5,0.5,0.5,0.5,0.5,0.5,0.5,0.5,0.5,0.5,0.5,0.5,0.5,0.5,0.5]
