decision:1
size:0
numberOfTrials:12
numberOfBlocks:6
numberOfInstances:36
numberOfSaccadeTrials:60
numberOfSaccadeBlocks:4
cost_digits:[276315,547039,836045,9,145630,367528,7,6,2,958672,9,968572,1,6,6,2,194876,7,480597,780235,635829,6,1,590421,926830,1,723168,9,841923,537812,709483,629834,8,5,2,3,8,8,534986,482601,8,4,3,1,843579,3,174835,367509,8,7,5,3,538692,895342,250789,502816,659410,8,2,945283,861904,324618,806134,934510,8,9,350628,8,632781,289103,6,6]
instanceRandomization:[18,28,2,32,8,4,33,31,26,15,25,14,12,19,3,13,24,11,34,35,6,29,23,10,7,16,20,30,27,17,1,36,22,9,21,5,36,4,13,12,10,14,8,17,16,24,19,3,28,20,35,7,29,9,30,26,31,27,18,32,22,33,21,11,15,34,5,6,25,23,1,2]
ITI:[6,5,6,5,7,5,7,6,6,5,7,7,7,5,6,5,6,5,7,7,5,7,6,6,7,5,7,6,7,7,6,5,5,6,6,5,5,6,5,5,7,6,7,5,6,7,6,7,5,7,7,5,6,5,5,6,6,7,7,6,5,6,7,6,6,7,6,5,7,7,5,5]
SaccadeITI:[1.13188816822755,0.674424728906403,1.32778552739571,0.786602462471152,0.816160790451492,1.33335920150081,0.853768858189384,0.77330123965318,0.757722533602888,1.1697854977722,1.38642385142545,0.904605918160329,1.16554797889354,1.32318701438295,1.44538861985008,0.893946545726309,0.561601446770753,0.616196468534569,1.0480493873513,1.07884305162976,0.89876391395616,0.885890054345752,0.760906661457072,0.766708532643194,1.38521423848967,0.759037365034844,1.21877470944698,0.666337367442126,1.10496028868171,0.624016558813552,1.04348511418017,0.905379701002191,1.1688623773555,0.718799170168738,0.96571441955554,0.89725891041259,0.567414610243092,1.4348577801759,1.02867917163918,0.878385347609098,0.554622967091079,0.992614138700689,1.48153905297319,0.944320128128553,1.22875285457509,0.568669169504816,1.01102788775849,1.34261429385903,0.539496674497301,1.46509218431699,1.47129193350362,1.05955490220028,0.805618563961859,1.05459134263607,1.16157999617668,1.35684063594478,1.24711048958513,1.40291039884711,0.550584824817876,1.03313197737249]
SaccadeRandomization:[3,1,1,3,1,1,1,1,1,0,1,0,3,3,2,1,2,3,1,1,1,0,3,0,3,0,3,2,0,0,2,3,3,1,2,0,2,2,2,3,3,2,2,0,2,0,1,0,3,3,3,2,0,1,2,2,2,0,0,0,3,0,1,0,3,1,0,0,1,3,3,0,1,3,3,2,2,0,3,0,2,2,0,1,2,1,3,0,0,0,1,3,2,1,3,0,2,2,1,2,0,1,2,0,2,1,2,2,3,2,1,3,1,1,3,2,0,1,3,3,0,2,3,2,0,0,0,0,2,0,3,0,1,0,1,3,2,1,0,0,3,0,1,1,2,0,1,1,2,1,0,3,3,3,2,2,3,0,3,2,1,3,1,3,2,1,2,3,2,1,2,2,1,2,3,0,1,1,3,3,2,1,1,3,1,3,3,3,2,1,3,2,0,0,0,2,3,0,2,3,0,1,0,2,2,0,3,0,0,1,1,0,2,0,3,0,3,3,0,2,2,1,0,3,1,2,1,3,1,0,2,3,1,3,2,1,2,2,1,1]
cost:1
reward:0
reward_amount:[0.5,0.5,0.5,0.5,0.5,0.5,0.5,0.5,0.5,0.5,0.5,0.5,0.5,0.5,0.5,0.5,0.5,0.5,0.5,0.5,0.5,0.5,0.5,0.5,0.5,0.5,0.5,0.5,0.5,0.5,0.5,0.5,0.5,0.5,0.5,0.5,0.5,0.5,0.5,0.5,0.5,0.5,0.5,0.5,0.5,0.5,0.5,0.5,0.5,0.5,0.5,0.5,0.5,0.5,0.5,0.5,0.5,0.5,0.5,0.5,0.5,0.5,0.5,0.5,0.5,0.5,0.5,0.5,0.5,0.5,0.5,0.5]
