decision:1
size:0
numberOfTrials:12
numberOfBlocks:6
numberOfInstances:36
numberOfSaccadeTrials:60
numberOfSaccadeBlocks:4
cost_digits:[7,9,8,836045,8,841923,6,350628,934510,8,4,174835,590421,635829,289103,2,2,1,9,502816,250789,632781,5,367509,861904,7,8,6,194876,1,926830,3,895342,709483,276315,1,8,537812,6,8,6,3,547039,534986,482601,6,1,968572,538692,9,659410,367528,843579,945283,3,9,723168,3,8,806134,2,8,6,145630,2,629834,5,7,780235,958672,480597,324618]
instanceRandomization:[33,32,36,2,4,27,31,5,11,15,14,19,10,6,23,13,21,16,34,26,30,25,35,3,22,20,28,29,24,12,7,8,9,1,18,17,6,17,3,22,19,24,28,13,12,1,23,14,29,30,31,4,16,32,5,25,20,7,27,21,26,10,2,8,18,36,9,11,35,15,34,33]
ITI:[7,5,7,6,7,6,5,5,5,7,6,6,6,6,7,5,5,7,6,6,5,5,7,7,6,6,7,6,5,6,5,7,5,7,7,5,7,7,7,6,6,6,5,5,5,7,6,5,7,6,5,7,6,7,6,6,5,5,5,7,5,6,7,5,6,6,7,5,6,7,5,7]
SaccadeITI:[1.12733501394978,1.34717458685627,0.7467777152895,0.643331787211355,0.828037709358614,1.21515057435026,0.570984548085835,1.30045359059004,1.30242017064011,1.08482798318146,1.54937938753283,1.53945599555736,1.21922794718994,1.02207720082952,1.03288898094324,0.662295833590906,1.49076294655679,0.756982159230392,1.24574487901991,0.914050433447119,1.11653630774235,1.03151187080657,0.797034587606322,1.51932255121646,0.796041805890854,0.81194346457487,1.10600999429589,1.34237871681107,1.39630863199709,0.752255255251657,1.14888525627321,0.742850147781428,0.82790624712361,1.34168575181393,0.644109901867341,0.652519329811912,0.613825264282059,1.10683795869118,1.18617832673481,1.31180734293303,1.40614212061046,1.36043034204049,0.772052084689494,0.875913034321275,0.958971094002482,1.24213611277519,0.622891625983175,0.899148640816566,0.892619647679385,1.18743472628994,0.687239340867382,1.05113496807171,0.828217820392456,0.712416538863909,0.794631259178277,0.591459005034994,0.763423164968845,0.66980710941134,0.629144266375806,1.20947894070996]
SaccadeRandomization:[2,1,0,0,3,1,1,1,2,2,2,2,3,2,1,3,3,3,2,1,0,0,1,1,2,3,3,0,2,1,2,1,2,1,0,1,0,1,0,2,3,1,2,2,0,0,0,3,0,3,3,2,0,3,1,3,3,0,0,3,3,2,2,3,1,2,3,3,2,0,3,3,1,1,1,2,2,3,0,1,2,1,1,3,3,0,0,2,0,3,0,3,1,3,1,1,1,2,3,1,2,3,2,2,2,1,0,0,0,0,0,0,2,1,2,3,0,0,0,1,0,2,2,2,3,3,1,1,0,2,1,1,3,1,2,3,1,0,3,0,1,0,2,2,3,1,0,1,2,0,0,3,2,0,1,3,0,3,0,0,3,3,1,0,0,1,3,3,2,3,0,2,1,2,1,3,2,2,1,2,0,0,3,1,3,3,1,2,1,3,0,0,3,1,1,3,0,1,2,2,2,2,3,0,1,2,3,3,2,3,2,1,1,0,3,0,2,1,2,1,3,0,0,2,3,1,2,2,1,1,0,2,3,2,1,0,0,0,0,3]
cost:1
reward:0
reward_amount:[0.5,0.5,0.5,0.5,0.5,0.5,0.5,0.5,0.5,0.5,0.5,0.5,0.5,0.5,0.5,0.5,0.5,0.5,0.5,0.5,0.5,0.5,0.5,0.5,0.5,0.5,0.5,0.5,0.5,0.5,0.5,0.5,0.5,0.5,0.5,0.5,0.5,0.5,0.5,0.5,0.5,0.5,0.5,0.5,0.5,0.5,0.5,0.5,0.5,0.5,0.5,0.5,0.5,0.5,0.5,0.5,0.5,0.5,0.5,0.5,0.5,0.5,0.5,0.5,0.5,0.5,0.5,0.5,0.5,0.5,0.5,0.5]
