decision:1
size:0
numberOfTrials:12
numberOfBlocks:6
numberOfInstances:36
numberOfSaccadeTrials:60
numberOfSaccadeBlocks:4
cost_digits:[537812,9,289103,6,6,590421,841923,502816,276315,709483,194876,8,174835,3,5,9,7,9,547039,145630,806134,4,958672,2,1,7,836045,8,3,367528,861904,5,723168,659410,9,1,843579,632781,1,8,8,3,1,968572,6,2,7,367509,324618,8,629834,8,945283,534986,6,480597,2,926830,934510,350628,538692,6,250789,8,482601,895342,635829,780235,6,3,8,2]
instanceRandomization:[17,25,23,29,3,10,27,26,18,1,24,36,19,5,9,30,33,34,28,8,21,14,15,13,12,11,2,6,7,4,22,35,20,31,32,16,16,25,17,10,4,8,23,14,1,18,20,3,33,28,36,15,32,13,31,34,21,7,11,5,29,19,30,27,12,9,6,35,2,24,22,26]
ITI:[7,7,7,5,6,6,7,6,5,5,6,5,6,7,6,5,7,5,6,7,6,5,5,7,5,6,5,7,6,6,6,7,7,7,5,5,6,6,7,7,5,5,6,7,5,6,5,7,6,5,7,5,5,6,7,7,7,6,5,6,5,7,6,7,5,7,6,7,6,5,6,5]
SaccadeITI:[0.708512234509302,0.85021023057246,1.12627757271597,0.995038779925866,0.835071303889466,0.824255541906071,0.569139302017478,1.21387246857242,1.38596952404672,1.20844110661031,1.20122733806105,0.934470276588885,1.24325853633539,1.11820983375267,0.564118701972378,0.802398551961718,0.874516990276364,1.04336802266383,1.19085326325924,0.662013377070737,1.3280550264831,1.17465544585915,0.682997128002656,1.20609639120133,0.711795477204335,0.697839566979868,0.542725240120975,0.506714286057589,1.41784436628999,1.05242565181882,0.850362880861697,1.16026019468748,1.33393499418938,0.894049348084567,1.10251023993672,0.647520763108817,0.896510494647858,1.42009612918676,0.549954228809414,0.997952484766332,1.10359818116607,1.4699955664187,1.05597080966303,1.35347673018308,0.700709712699366,0.759753881728587,0.929801581202385,1.00663836696961,0.968967528555853,1.08159465064139,1.05877783825466,0.745547716047925,0.897651826737759,0.967351594249097,1.45132744615742,1.46536044264988,1.46090355423124,0.574074927259547,1.46271425276839,0.96026009741084]
SaccadeRandomization:[1,0,2,2,0,2,3,2,0,3,0,3,1,3,1,2,2,2,1,3,2,1,0,1,1,2,0,0,2,0,3,1,3,0,3,3,3,3,0,1,1,3,2,3,1,3,1,0,1,1,1,0,3,2,0,2,2,2,0,0,2,2,2,0,0,1,3,0,1,2,0,0,1,3,0,1,0,0,3,0,3,1,2,1,2,3,0,3,2,3,2,1,3,3,1,1,3,2,0,3,2,1,0,1,2,1,3,2,3,0,2,1,3,2,0,3,1,1,0,2,2,3,1,3,2,1,1,2,2,1,0,0,3,2,1,3,2,1,3,2,2,2,0,3,3,2,3,3,0,1,0,2,0,0,3,0,3,0,2,3,0,0,3,2,1,1,1,1,2,1,0,0,0,0,3,2,3,1,1,1,3,0,0,0,0,1,3,3,1,0,2,2,3,0,2,1,2,3,3,2,3,2,1,1,1,3,0,2,2,0,2,1,3,2,1,1,1,3,0,0,1,0,3,2,3,1,0,1,1,3,2,0,2,0,3,1,3,2,2,0]
cost:1
reward:0
reward_amount:[0.5,0.5,0.5,0.5,0.5,0.5,0.5,0.5,0.5,0.5,0.5,0.5,0.5,0.5,0.5,0.5,0.5,0.5,0.5,0.5,0.5,0.5,0.5,0.5,0.5,0.5,0.5,0.5,0.5,0.5,0.5,0.5,0.5,0.5,0.5,0.5,0.5,0.5,0.5,0.5,0.5,0.5,0.5,0.5,0.5,0.5,0.5,0.5,0.5,0.5,0.5,0.5,0.5,0.5,0.5,0.5,0.5,0.5,0.5,0.5,0.5,0.5,0.5,0.5,0.5,0.5,0.5,0.5,0.5,0.5,0.5,0.5]
