decision:1
size:0
numberOfTrials:12
numberOfBlocks:6
numberOfInstances:36
numberOfSaccadeTrials:60
numberOfSaccadeBlocks:4
cost_digits:[5,145630,926830,1,5,629834,7,8,723168,2,9,324618,2,250789,843579,289103,174835,547039,968572,367509,8,350628,8,8,2,194876,836045,945283,1,6,6,480597,8,590421,6,2,841923,632781,895342,538692,958672,4,6,9,3,1,3,9,534986,482601,9,6,934510,367528,8,537812,861904,8,780235,276315,709483,3,635829,7,1,806134,659410,3,8,7,6,502816]
instanceRandomization:[35,8,7,12,9,36,11,6,20,18,25,33,21,30,16,23,19,28,14,3,22,5,27,15,26,24,2,32,17,29,31,34,4,10,1,13,27,25,9,29,15,14,19,32,8,16,5,30,13,12,34,2,11,4,28,17,22,36,35,18,1,24,6,33,23,21,31,7,10,20,3,26]
ITI:[7,6,5,7,7,5,6,5,6,6,7,5,6,7,6,5,6,6,5,7,7,5,7,5,6,5,6,7,5,5,6,7,7,7,5,6,6,6,5,7,6,5,7,7,7,6,5,5,7,5,5,5,7,6,6,6,7,6,5,7,5,7,6,6,6,7,5,6,7,7,5,5]
SaccadeITI:[0.768232405123611,0.614249250323822,1.30320705956159,1.28195999556532,0.752935946158444,0.696319367441659,1.37179336667371,1.22956151695301,0.802705630132308,1.44371863751051,0.626534488688533,0.750576676971589,1.19332549109434,0.755119747652983,0.563473815967639,0.965752119602015,1.34731834748139,1.32637757382666,1.48244662809496,0.601593259194245,1.2530271256653,1.33568735181664,0.954719019060334,1.18201050342371,1.21852650487175,0.559294265865659,0.809671424500023,1.49202460230639,0.662914080716049,1.38934204022711,0.718890738378589,0.871413648997744,1.13118503166673,0.629828757544359,0.997082239187633,1.38100746803296,1.13636679824752,1.30141216067908,0.620369473875811,0.747319743673628,1.11367620568102,0.63566655193766,0.6375672874817,1.2626398545069,1.24143123178122,0.901377154917767,0.694602642844741,0.757068711503719,0.688873910981541,1.17776219307755,0.690086788435777,0.984678236472731,0.743341604185601,1.27952638006148,1.00800203432639,1.0753503443518,1.22599063807478,1.05972952156638,1.44023742264447,1.11309698241142]
SaccadeRandomization:[2,0,0,3,2,0,0,0,2,3,0,2,0,1,2,1,2,2,2,3,3,1,0,2,1,2,3,1,3,3,3,3,1,1,0,1,0,1,2,3,0,3,1,0,2,3,3,0,1,1,2,3,0,1,3,0,1,1,2,2,1,1,3,1,2,1,2,0,3,0,1,1,0,2,1,1,0,0,3,0,0,3,2,1,0,2,2,0,2,3,1,3,1,1,2,1,0,2,3,3,2,0,2,0,3,3,1,0,3,3,0,0,2,3,2,3,1,2,2,3,0,3,0,0,3,2,1,0,3,1,3,2,0,2,1,3,0,1,1,2,1,3,0,2,2,1,3,3,3,1,1,0,1,1,0,1,1,2,2,3,1,3,2,2,2,0,0,3,0,0,2,0,3,2,3,2,0,3,1,2,1,1,2,0,0,0,3,1,3,1,1,2,0,1,2,3,3,3,3,2,2,3,1,2,0,1,1,0,0,1,1,0,0,3,3,3,0,3,0,3,1,3,2,3,2,1,2,0,2,2,2,2,1,1,3,0,2,2,0,0]
cost:1
reward:0
reward_amount:[0.5,0.5,0.5,0.5,0.5,0.5,0.5,0.5,0.5,0.5,0.5,0.5,0.5,0.5,0.5,0.5,0.5,0.5,0.5,0.5,0.5,0.5,0.5,0.5,0.5,0.5,0.5,0.5,0.5,0.5,0.5,0.5,0.5,0.5,0.5,0.5,0.5,0.5,0.5,0.5,0.5,0.5,0.5,0.5,0.5,0.5,0.5,0.5,0.5,0.5,0.5,0.5,0.5,0.5,0.5,0.5,0.5,0.5,0.5,0.5,0.5,0.5,0.5,0.5,0.5,0.5,0.5,0.5,0.5,0.5,0.5,0.5]
