decision:1
size:0
numberOfTrials:12
numberOfBlocks:6
numberOfInstances:36
numberOfSaccadeTrials:60
numberOfSaccadeBlocks:4
cost_digits:[1,841923,1,537812,6,8,9,926830,534986,4,194876,8,2,5,250789,8,861904,635829,7,958672,367509,2,934510,6,289103,5,9,632781,709483,2,145630,538692,590421,7,3,659410,843579,1,7,276315,6,2,3,6,367528,324618,629834,8,8,9,3,895342,502816,780235,6,482601,723168,9,1,968572,350628,8,174835,8,3,945283,8,547039,6,806134,480597,836045]
instanceRandomization:[12,27,16,17,2,28,32,7,13,14,24,4,18,9,30,36,22,6,20,15,3,26,11,19,23,35,34,25,1,21,8,29,10,33,5,31,16,23,11,18,31,13,7,29,4,33,36,27,15,25,8,9,26,35,3,12,20,30,17,14,5,22,19,6,24,32,10,28,1,21,34,2]
ITI:[6,5,5,7,6,6,7,6,7,5,5,7,6,7,7,6,5,6,7,6,5,5,7,5,7,7,5,5,6,7,6,6,5,6,7,5,7,6,6,5,5,7,6,7,7,5,5,6,5,6,5,6,7,5,7,7,6,7,6,5,5,5,6,6,5,7,7,6,5,7,6,7]
SaccadeITI:[0.862811686323645,0.735890239562529,1.45359944164908,1.2986223735769,0.810928825607213,1.35986038073121,1.24402099041423,1.13258061682961,0.956956513777065,0.979688046585458,0.575831879248532,1.21946576967991,1.34829878163679,1.37709600859477,1.21912929773486,0.912268710175219,0.595269776966112,0.560788944216135,0.903550215150851,1.11855368976636,0.942384082443702,0.871158104009616,1.13540879249728,0.746586569437447,1.21678221001445,0.777117864546987,1.43902443986541,1.15022696400216,0.755404222841995,0.663971859115797,1.20296912043511,1.45027400119385,0.741999524032387,0.803057582202988,1.46796975037238,0.60547060900523,0.690861243607166,1.43712592319741,1.41394079764529,1.35651299133121,1.01085909743949,0.550750645195755,0.772781536766949,0.951142446688997,1.35808474066822,1.33859236826344,1.14113824986077,1.07063624015233,0.677024938717174,0.924096007451105,0.80862657315253,0.611118975413653,1.3821928632368,0.795339351605314,1.37405491745255,0.897043274102422,0.534298075448411,0.539472109723526,0.949453528357359,0.779835220278862]
SaccadeRandomization:[0,2,3,0,2,3,3,1,2,0,2,0,0,2,2,1,0,1,3,1,3,3,1,0,1,0,3,0,1,3,0,2,2,0,3,3,0,2,1,1,0,2,1,3,2,1,3,2,1,3,1,1,3,1,0,2,2,0,3,2,2,3,1,2,2,2,3,1,1,0,3,3,2,1,3,0,2,0,2,3,1,1,3,3,0,2,0,1,2,2,0,0,0,1,1,3,1,1,2,3,2,3,3,3,0,1,0,2,3,1,2,0,0,0,0,0,1,1,3,2,1,0,2,0,3,3,2,0,1,3,2,1,2,2,2,0,3,0,1,1,3,2,0,0,0,0,2,2,1,2,1,2,1,3,1,3,2,0,1,3,2,1,0,2,0,1,3,3,0,3,0,3,1,3,3,1,0,3,2,1,3,0,1,1,0,3,3,1,2,2,0,1,1,3,3,2,2,1,3,0,2,3,2,3,1,0,1,1,1,1,2,0,2,0,2,3,0,1,0,0,2,0,2,0,2,3,2,0,3,1,3,3,3,0,0,3,2,1,1,2]
cost:1
reward:0
reward_amount:[0.5,0.5,0.5,0.5,0.5,0.5,0.5,0.5,0.5,0.5,0.5,0.5,0.5,0.5,0.5,0.5,0.5,0.5,0.5,0.5,0.5,0.5,0.5,0.5,0.5,0.5,0.5,0.5,0.5,0.5,0.5,0.5,0.5,0.5,0.5,0.5,0.5,0.5,0.5,0.5,0.5,0.5,0.5,0.5,0.5,0.5,0.5,0.5,0.5,0.5,0.5,0.5,0.5,0.5,0.5,0.5,0.5,0.5,0.5,0.5,0.5,0.5,0.5,0.5,0.5,0.5,0.5,0.5,0.5,0.5,0.5,0.5]
