decision:1
size:0
numberOfTrials:12
numberOfBlocks:6
numberOfInstances:36
numberOfSaccadeTrials:60
numberOfSaccadeBlocks:4
cost_digits:[8,324618,538692,1,8,537812,6,367509,502816,3,6,806134,926830,4,723168,895342,7,276315,8,709483,482601,8,145630,9,8,9,350628,174835,534986,635829,5,8,8,480597,9,1,2,6,7,5,836045,2,861904,968572,7,547039,2,1,1,6,6,945283,8,934510,590421,632781,194876,843579,841923,3,367528,9,780235,3,629834,3,659410,2,958672,250789,289103,6]
instanceRandomization:[36,33,29,23,27,17,2,3,26,24,31,21,7,14,20,9,11,18,22,1,12,4,8,32,15,30,5,19,13,6,35,10,28,34,25,16,26,29,20,9,2,13,22,14,33,28,21,17,12,1,19,32,6,11,10,25,24,16,27,7,4,34,35,5,36,8,31,18,15,30,23,3]
ITI:[5,6,6,6,5,7,5,7,7,6,7,5,5,6,6,6,5,6,7,7,7,5,7,5,6,7,6,7,5,6,5,6,5,7,5,7,6,7,7,7,6,5,7,5,6,6,5,5,7,6,5,7,6,6,5,5,6,7,7,5,5,5,5,7,7,6,6,5,6,7,7,6]
SaccadeITI:[0.956913674583969,1.40294145965793,1.16394564705746,1.35306052151912,1.12465638072075,1.16072795340636,0.752195867577878,1.29740464813852,1.07331769108617,0.761596748939094,0.87941066698016,0.782391540108559,1.21268687151217,0.738269251173673,0.507909601189507,1.19798572604389,0.736274653680933,1.06797298659415,1.0944852462116,0.701163873875824,1.08869849318483,0.95231233035059,0.743824105112193,0.857460033715082,1.34268991729089,0.620531038482053,0.840272937303719,0.907260530496327,1.20496376008571,1.23441191330397,0.944494036592854,1.13489502608621,1.317124105858,1.29216401149364,1.20129806884409,1.35863459283331,0.701300063038555,0.834166731553463,0.75674442887151,1.03734004856863,0.549667243480993,1.38102594354035,1.25739630251968,1.42417539317006,1.1941086760334,0.820184817638559,1.02056564749995,0.803860573664618,0.520192040697051,0.51379004829408,0.616531728634921,0.604773876358134,0.877334055591685,1.45519938912087,0.623589489709896,1.13492912110717,0.794431420376835,1.33103353540258,1.43218583623723,1.30912767779858]
SaccadeRandomization:[0,2,1,1,3,3,0,0,1,3,0,2,0,2,3,3,2,2,0,1,3,1,1,2,0,2,0,3,0,0,3,1,2,1,2,3,1,3,0,1,0,2,3,1,3,0,1,0,2,2,2,1,1,2,0,1,3,2,3,3,3,2,2,2,2,3,1,0,1,1,1,1,3,0,3,2,2,2,0,0,3,0,2,1,2,2,3,1,0,1,2,1,3,1,0,2,3,3,0,1,1,0,0,3,0,0,3,2,1,1,2,3,2,3,3,1,0,0,3,0,0,1,0,1,3,3,2,1,3,1,1,2,1,0,3,1,0,2,2,3,0,3,2,0,1,3,3,0,0,2,0,2,1,0,3,0,3,0,3,2,2,1,1,1,0,2,0,1,1,2,2,3,2,3,2,1,0,3,2,3,3,3,2,1,2,3,1,2,0,0,1,2,2,1,1,2,3,3,0,0,1,2,2,2,0,1,0,1,3,2,1,2,0,0,1,3,0,3,1,3,2,0,3,0,3,0,0,1,2,2,1,1,3,1,3,2,3,0,0,3]
cost:1
reward:0
reward_amount:[0.5,0.5,0.5,0.5,0.5,0.5,0.5,0.5,0.5,0.5,0.5,0.5,0.5,0.5,0.5,0.5,0.5,0.5,0.5,0.5,0.5,0.5,0.5,0.5,0.5,0.5,0.5,0.5,0.5,0.5,0.5,0.5,0.5,0.5,0.5,0.5,0.5,0.5,0.5,0.5,0.5,0.5,0.5,0.5,0.5,0.5,0.5,0.5,0.5,0.5,0.5,0.5,0.5,0.5,0.5,0.5,0.5,0.5,0.5,0.5,0.5,0.5,0.5,0.5,0.5,0.5,0.5,0.5,0.5,0.5,0.5,0.5]
