decision:1
size:0
numberOfTrials:12
numberOfBlocks:6
numberOfInstances:36
numberOfSaccadeTrials:60
numberOfSaccadeBlocks:4
cost_digits:[6,2,537812,1,4,934510,145630,635829,8,806134,3,5,945283,8,276315,250789,836045,8,2,6,1,926830,8,9,367509,324618,861904,194876,547039,709483,723168,895342,6,9,8,1,534986,350628,5,9,3,632781,7,843579,7,2,482601,3,841923,6,9,480597,1,538692,968572,629834,780235,174835,502816,8,6,590421,2,8,7,659410,8,958672,3,367528,6,289103]
instanceRandomization:[31,26,17,23,14,11,8,6,15,21,5,35,32,10,18,30,2,4,13,19,12,7,27,34,3,33,22,24,28,1,20,9,29,25,36,16,13,5,9,30,24,25,33,16,11,21,12,7,27,3,32,34,17,29,14,36,35,19,26,22,2,10,18,6,20,31,28,15,8,4,1,23]
ITI:[6,6,5,6,7,7,6,7,5,5,5,7,7,7,7,6,5,6,7,6,6,5,5,5,6,5,6,5,6,5,7,7,5,6,7,7,7,7,5,6,6,5,7,6,6,5,7,5,5,5,7,6,6,5,7,5,7,6,6,7,5,5,7,7,6,7,6,7,6,5,5,6]
SaccadeITI:[0.797442894421207,1.41142174670628,1.07743145850642,0.838037378612595,0.918198816470491,0.792637062949749,0.806242351412463,0.672265042775931,1.10561617602749,1.39689309428601,0.844239684745359,1.43181756952933,1.04043210366896,1.21930789155109,1.03608196064985,0.548248674014273,0.929062508970189,0.63839736021279,0.887025506460729,1.27323049911453,0.539689106393295,1.33965929270877,0.618870474623206,0.671233066815572,0.654660483115974,0.900068794835048,1.12329134158014,0.954110569778519,0.601591935606363,0.762823831747907,1.00151225900433,0.892768772544029,1.27763571705824,1.25820529669678,0.790598157552692,1.2253972391986,0.733133484136003,0.847337486214625,0.857301206553044,1.02836474519378,1.31103634344569,1.0962490816523,1.32028634007244,1.39940421585149,0.670342942459198,1.43191748228079,1.48297303960814,0.555747094323548,1.10802223416201,1.24223748454048,0.936609243500667,0.996220547465297,0.954580282086196,1.49647157102978,0.606361931414964,1.1580202064865,0.71887264236963,1.41608067973672,1.140329979818,1.21595361525348]
SaccadeRandomization:[0,0,2,1,1,0,1,1,0,2,2,3,1,0,2,2,2,0,0,2,2,1,3,3,0,3,1,3,2,0,0,3,1,2,1,1,2,3,2,0,2,3,2,3,3,1,1,3,2,1,3,0,3,3,3,1,0,0,1,0,1,2,1,3,2,0,0,0,2,3,2,1,3,1,1,1,3,0,3,0,1,3,2,3,2,0,1,3,1,1,3,0,0,0,2,0,0,1,2,0,3,1,3,1,2,3,2,2,2,2,0,3,3,3,2,1,0,0,1,2,2,1,2,3,2,1,1,0,3,0,0,0,3,1,0,3,3,1,3,0,0,1,0,2,2,0,3,1,1,0,1,2,1,0,1,2,2,1,3,1,1,2,0,2,3,2,3,2,0,2,2,2,3,3,1,0,3,3,0,3,3,3,1,2,2,1,2,3,2,2,2,0,2,3,3,0,1,0,1,3,3,0,3,0,3,1,2,1,0,1,0,1,3,3,1,2,0,1,3,1,2,1,0,2,0,3,2,2,1,0,2,0,0,1,3,0,3,1,2,0]
cost:1
reward:0
reward_amount:[0.5,0.5,0.5,0.5,0.5,0.5,0.5,0.5,0.5,0.5,0.5,0.5,0.5,0.5,0.5,0.5,0.5,0.5,0.5,0.5,0.5,0.5,0.5,0.5,0.5,0.5,0.5,0.5,0.5,0.5,0.5,0.5,0.5,0.5,0.5,0.5,0.5,0.5,0.5,0.5,0.5,0.5,0.5,0.5,0.5,0.5,0.5,0.5,0.5,0.5,0.5,0.5,0.5,0.5,0.5,0.5,0.5,0.5,0.5,0.5,0.5,0.5,0.5,0.5,0.5,0.5,0.5,0.5,0.5,0.5,0.5,0.5]
