decision:1
size:0
numberOfTrials:12
numberOfBlocks:6
numberOfInstances:36
numberOfSaccadeTrials:60
numberOfSaccadeBlocks:4
cost_digits:[8,632781,482601,958672,7,3,7,3,367528,250789,502816,945283,895342,7,968572,780235,1,9,145630,841923,836045,6,289103,2,6,8,629834,709483,2,6,2,590421,3,8,537812,6,861904,2,723168,538692,3,5,547039,350628,8,8,8,276315,324618,843579,635829,4,534986,926830,1,806134,9,480597,1,194876,1,8,6,5,174835,6,9,8,659410,934510,9,367509]
instanceRandomization:[6,25,12,15,33,7,20,24,4,30,26,32,9,11,14,35,16,34,8,27,2,29,23,21,31,22,36,1,18,19,13,10,5,28,17,3,22,26,20,29,8,35,28,5,15,10,4,18,33,16,6,14,13,7,23,21,32,34,12,24,17,27,2,9,19,1,25,36,31,11,30,3]
ITI:[6,6,5,7,7,5,5,5,6,7,6,7,6,6,7,5,7,5,6,5,5,7,6,7,7,5,6,7,6,6,6,7,5,5,7,5,6,6,5,7,6,5,6,5,5,7,7,7,5,5,6,5,7,6,5,7,7,6,7,6,7,6,5,7,6,7,5,7,6,5,5,6]
SaccadeITI:[1.25581032174329,1.35881884346406,1.27351024022015,1.21164479266542,1.14398223321574,0.461247386612619,0.668709729767094,0.701894503521423,0.853059381215523,1.09727102095882,0.65451633601139,0.761673632279659,1.11145612012285,0.918149362287174,0.724433680965255,1.37097989881101,0.739560435029368,0.435494376548256,1.10364309229578,1.00355304727952,1.26655785736317,1.25491586231316,0.53681064324143,1.00554641146834,0.998814583026494,0.615331672100971,0.527730472122009,1.31400846174608,0.910337203151236,1.40468829215194,1.02919418384942,0.733834495038415,0.618356568707774,1.04155931129741,1.14927377013179,0.890270481087888,1.27346683267194,1.05470030961248,1.20347643221418,1.39125373281228,1.09873336969564,0.952980441708739,0.534722320704411,1.23220802630919,0.749873527993138,0.865437925296525,1.25282578004214,1.4045349002971,0.597592200587193,0.936990598884101,0.928742236426721,1.19690475330378,1.0037043082683,1.38131165012407,0.915236252329002,1.41648578943374,0.856298612399648,0.898230846940229,1.32169077030073,1.38595967783282]
SaccadeRandomization:[2,1,3,3,2,1,1,3,1,1,2,2,2,0,3,2,1,3,2,0,1,3,2,2,1,0,0,0,1,0,0,1,0,1,1,0,3,0,3,2,0,2,3,2,0,3,3,0,1,1,2,1,2,0,2,3,3,0,3,3,1,3,0,2,0,3,3,2,2,0,2,2,2,0,3,0,1,3,0,2,3,2,2,3,0,0,0,3,3,3,1,2,3,2,1,0,3,1,2,1,1,1,2,3,1,3,1,0,1,0,2,1,1,2,1,0,1,3,0,0,2,3,3,3,2,1,3,1,2,2,1,2,0,1,3,0,0,2,0,3,3,0,0,3,1,0,1,2,0,1,1,3,1,2,1,0,0,2,1,3,3,1,2,0,2,0,3,2,0,1,2,0,3,0,1,2,3,1,3,2,1,1,2,3,2,1,0,0,2,2,2,1,0,2,1,3,0,0,1,2,2,3,1,3,0,3,0,1,0,3,3,1,2,3,1,2,1,0,3,3,3,2,2,1,0,3,3,2,0,1,0,1,0,3,2,0,1,3,2,0]
cost:1
reward:0
reward_amount:[0.5,0.5,0.5,0.5,0.5,0.5,0.5,0.5,0.5,0.5,0.5,0.5,0.5,0.5,0.5,0.5,0.5,0.5,0.5,0.5,0.5,0.5,0.5,0.5,0.5,0.5,0.5,0.5,0.5,0.5,0.5,0.5,0.5,0.5,0.5,0.5,0.5,0.5,0.5,0.5,0.5,0.5,0.5,0.5,0.5,0.5,0.5,0.5,0.5,0.5,0.5,0.5,0.5,0.5,0.5,0.5,0.5,0.5,0.5,0.5,0.5,0.5,0.5,0.5,0.5,0.5,0.5,0.5,0.5,0.5,0.5,0.5]
