decision:1
size:0
numberOfTrials:12
numberOfBlocks:6
numberOfInstances:36
numberOfSaccadeTrials:60
numberOfSaccadeBlocks:4
cost_digits:[968572,8,482601,502816,7,367528,350628,590421,9,6,538692,3,709483,7,1,9,806134,8,8,537812,8,780235,194876,5,8,1,2,723168,6,926830,659410,534986,6,841923,9,632781,8,1,480597,3,547039,276315,861904,1,945283,8,895342,4,629834,635829,289103,174835,3,836045,2,250789,934510,3,6,2,9,324618,2,8,145630,6,5,6,843579,7,958672,367509]
instanceRandomization:[14,22,12,26,33,4,5,10,34,19,29,8,1,11,23,30,21,15,6,17,28,35,24,9,36,16,18,20,2,7,31,13,3,27,32,25,27,17,34,5,28,18,22,12,32,10,9,14,36,6,23,19,7,2,26,30,11,24,31,21,25,33,13,4,8,29,35,1,16,20,15,3]
ITI:[5,6,7,5,5,7,6,7,6,6,5,7,5,7,5,6,6,7,7,7,5,5,6,6,6,7,5,7,7,5,7,6,5,6,6,5,7,7,5,6,5,6,7,5,7,5,6,6,5,7,6,6,7,7,5,5,6,5,7,6,7,6,5,6,7,5,7,6,6,5,5,7]
SaccadeITI:[0.934891857319356,0.932719091531665,1.16135452605862,1.029939273252,1.41018928482275,0.877033957625584,1.30022664682086,0.819803881804304,1.00308874982487,0.59055609756227,0.840870401934565,0.778526673205973,0.928509842018442,0.784941767687754,1.3821577957094,1.46793020225208,0.787752854983167,0.607670568973602,1.2505330037054,1.31070498388338,1.16758577141057,1.29588004748415,0.70126354379657,1.45533249445337,0.698196775858135,0.880609972049327,1.10135872393924,1.07704329711463,1.37402600200924,1.26547493424344,1.22259781008664,1.14370779983777,1.40420517639335,0.673236769736589,0.902342349869044,1.26341061561446,0.620328803426431,0.955783195906164,0.90578870253715,0.5817597898383,1.03122855990271,1.14515207556154,0.608045122000234,0.697300487543301,1.44751597253683,0.501830241056935,1.10151570627543,0.576308354149417,1.18299479654136,0.923319183169709,0.786304894947292,0.987385125477643,0.542224815926359,1.01673836225721,1.23784922400567,0.835424321117656,1.35742746234949,0.960794938142256,1.01116375194009,1.16014256851825]
SaccadeRandomization:[2,0,2,3,3,3,0,0,1,2,1,1,0,1,1,2,0,2,3,3,0,2,1,2,2,1,0,1,3,0,2,3,1,2,3,3,3,1,2,3,1,3,1,2,1,0,0,1,0,2,3,0,0,1,3,2,0,3,0,2,3,1,3,1,3,2,0,1,3,0,2,1,1,3,0,1,2,1,2,3,0,2,2,2,0,3,3,2,2,0,0,1,0,0,1,3,0,1,1,3,2,3,3,0,3,1,2,2,2,2,1,0,1,0,3,1,0,2,0,3,2,3,2,0,1,1,2,0,3,0,2,0,0,3,3,3,3,0,2,0,3,1,0,3,1,3,1,3,1,0,2,1,2,1,1,0,2,0,3,2,2,2,3,0,2,2,3,2,1,0,1,3,0,0,1,3,1,1,2,1,3,3,2,2,2,0,1,1,1,0,3,1,0,1,2,1,0,3,3,3,1,1,2,3,1,2,2,2,3,1,3,0,0,1,2,0,0,3,1,2,0,0,0,1,3,0,2,0,2,3,2,3,2,0,0,1,3,1,3,2]
cost:1
reward:0
reward_amount:[0.5,0.5,0.5,0.5,0.5,0.5,0.5,0.5,0.5,0.5,0.5,0.5,0.5,0.5,0.5,0.5,0.5,0.5,0.5,0.5,0.5,0.5,0.5,0.5,0.5,0.5,0.5,0.5,0.5,0.5,0.5,0.5,0.5,0.5,0.5,0.5,0.5,0.5,0.5,0.5,0.5,0.5,0.5,0.5,0.5,0.5,0.5,0.5,0.5,0.5,0.5,0.5,0.5,0.5,0.5,0.5,0.5,0.5,0.5,0.5,0.5,0.5,0.5,0.5,0.5,0.5,0.5,0.5,0.5,0.5,0.5,0.5]
