decision:1
size:0
numberOfTrials:12
numberOfBlocks:6
numberOfInstances:36
numberOfSaccadeTrials:60
numberOfSaccadeBlocks:4
cost_digits:[2,934510,1,534986,250789,836045,3,841923,9,7,723168,6,635829,4,780235,6,590421,3,482601,174835,3,861904,5,843579,8,1,806134,945283,8,8,709483,367528,3,538692,2,9,350628,968572,926830,1,502816,276315,547039,289103,5,480597,194876,1,537812,367509,2,9,8,8,629834,8,9,958672,895342,6,6,2,632781,145630,6,7,8,6,324618,7,659410,8]
instanceRandomization:[18,11,17,13,30,2,5,27,25,33,20,3,6,14,35,31,10,24,12,19,8,22,9,16,36,23,21,32,15,28,1,4,7,29,26,34,5,14,7,12,26,18,28,23,35,34,24,16,17,3,13,30,6,27,36,4,32,15,9,29,1,21,25,8,2,11,22,19,33,20,31,10]
ITI:[6,6,7,6,5,5,7,7,5,6,5,7,7,5,6,6,5,7,5,5,6,7,7,6,6,5,7,6,5,7,6,7,5,6,7,5,6,5,6,7,7,6,5,7,5,7,6,5,7,6,5,6,7,7,5,5,6,5,7,6,5,5,5,6,6,6,7,7,6,5,7,7]
SaccadeITI:[1.12845850511997,1.42655865461178,0.783676032764682,1.43075313567727,0.797273205915311,0.568656901918196,1.37737468126773,0.879137716345334,1.05661387331396,1.52019866192325,0.62290393593333,0.835074910284796,1.42042193128339,1.08231011810324,1.19069718881122,0.553815082736158,0.632864559158528,1.08419860559128,0.752635555431092,0.593669294003242,1.10162084186062,0.655805392280066,1.19662568471006,1.4578264007306,0.994428604697653,1.05366162638723,1.5057254469449,0.971572470009172,0.676817777190202,1.15494605255856,0.564711294226193,1.17434072224035,1.05419154846653,0.561848700135791,0.908647695179873,0.788768736502,1.13282978753171,1.03605754891954,1.12096432442389,0.865742746131339,0.70083624436132,0.799634198980251,1.48064998010717,0.56723707364484,1.06955787711389,0.672755136476674,1.1291640203873,0.608039565240809,1.19594375425562,1.03381599634498,1.47554559828325,0.792620687136271,0.546417893931114,1.28865615240841,1.07235690797291,1.33216672725587,1.08743542860805,0.967597828801566,1.46831013341046,0.996832843959176]
SaccadeRandomization:[3,1,0,2,1,1,0,0,2,2,3,1,3,1,1,0,0,3,1,3,1,1,1,3,0,3,0,2,3,2,3,2,3,0,2,1,1,3,3,3,2,2,0,2,1,1,1,0,2,3,0,3,0,0,0,2,0,2,2,2,1,0,3,2,2,2,1,1,0,0,1,2,0,2,1,1,2,0,0,3,2,2,1,2,3,1,1,0,3,0,0,2,3,3,0,3,0,1,1,3,0,1,0,2,3,2,3,0,1,3,2,2,3,3,1,2,0,3,3,1,2,3,3,2,0,2,3,1,1,0,0,3,1,0,0,1,1,2,1,3,3,2,3,0,1,3,1,3,1,3,2,3,0,2,3,0,2,3,0,0,0,1,0,3,1,2,2,0,1,1,2,0,2,3,1,1,2,2,0,2,1,1,2,0,0,2,0,0,2,2,1,0,2,1,1,0,3,1,2,2,1,0,0,2,2,0,0,3,2,3,1,2,1,1,3,2,1,2,0,2,3,3,0,1,3,1,3,3,3,3,3,2,3,0,1,0,3,3,0,1]
cost:1
reward:0
reward_amount:[0.5,0.5,0.5,0.5,0.5,0.5,0.5,0.5,0.5,0.5,0.5,0.5,0.5,0.5,0.5,0.5,0.5,0.5,0.5,0.5,0.5,0.5,0.5,0.5,0.5,0.5,0.5,0.5,0.5,0.5,0.5,0.5,0.5,0.5,0.5,0.5,0.5,0.5,0.5,0.5,0.5,0.5,0.5,0.5,0.5,0.5,0.5,0.5,0.5,0.5,0.5,0.5,0.5,0.5,0.5,0.5,0.5,0.5,0.5,0.5,0.5,0.5,0.5,0.5,0.5,0.5,0.5,0.5,0.5,0.5,0.5,0.5]
