decision:1
size:0
numberOfTrials:12
numberOfBlocks:6
numberOfInstances:36
numberOfSaccadeTrials:60
numberOfSaccadeBlocks:4
cost_digits:[3,5,2,367509,538692,806134,709483,9,8,2,145630,174835,934510,659410,5,843579,7,841923,367528,9,9,250789,8,6,4,1,7,8,2,590421,635829,926830,350628,482601,1,958672,3,861904,6,9,968572,8,3,1,836045,6,534986,8,780235,324618,723168,6,537812,895342,194876,2,1,3,276315,289103,547039,629834,945283,632781,480597,6,8,8,8,7,6,502816]
instanceRandomization:[24,35,26,3,29,21,1,32,22,18,8,19,11,31,9,16,20,27,4,34,25,30,28,2,14,23,33,36,13,10,6,7,5,12,17,15,5,22,31,30,14,10,7,12,2,1,13,27,35,33,20,19,17,9,24,21,16,8,18,23,28,36,32,25,34,29,4,6,15,11,3,26]
ITI:[5,5,5,5,6,7,6,6,6,7,7,7,7,6,5,5,7,6,7,6,6,7,5,5,6,6,7,7,5,7,7,5,6,6,5,5,5,7,7,5,6,6,7,6,6,5,5,7,6,6,7,7,6,5,5,7,6,7,5,5,5,5,6,7,6,7,5,7,6,5,6,7]
SaccadeITI:[0.910436859754069,0.784298036880015,1.47743342693817,1.09669490640905,1.1286068229742,0.916370800863175,1.40759633335207,1.23804542392415,1.4684941467635,0.529800271316587,0.686030775941132,1.39397497119304,0.899665131633325,1.378144312584,0.509209743169291,1.08479177339856,0.749154423530369,1.18073153046813,1.29301513864581,0.552127948197691,0.853273303182019,1.31332388350662,1.35018073807393,0.517637342148616,0.581327318846403,0.8461960430063,0.807095719668238,1.42392153588977,1.13017848569822,0.697567166461764,0.999939723107188,1.32310026830916,0.789275627750127,1.3789630273163,0.904134608972041,1.00182736425583,0.624782564983858,0.557425360362201,1.30644154216085,1.24533875279982,0.697118105068027,1.06872492975478,0.744266340210258,0.610564863941787,1.343250569123,0.809641458028151,0.752765308068289,0.662706721275269,0.968605567868023,1.38345543614511,1.1132906423222,0.829174657984792,1.05704848112461,1.06144808947962,1.3750483001854,0.771389489927484,1.24196582490501,1.39612523273487,0.731172864026545,1.04568396339115]
SaccadeRandomization:[2,2,2,0,0,0,2,3,3,0,1,0,3,1,1,1,3,1,0,1,2,3,1,1,0,3,1,3,0,3,2,1,2,3,3,0,2,3,2,3,0,0,2,2,3,1,2,0,1,0,2,3,0,2,1,0,1,1,2,3,0,2,3,1,0,2,3,3,0,3,3,0,2,2,3,1,1,2,1,3,0,3,3,0,1,3,3,1,3,2,1,1,0,1,2,1,1,0,2,2,0,2,2,1,1,0,2,0,2,2,1,3,3,0,3,0,0,0,2,1,2,3,3,3,1,1,1,3,0,1,2,0,3,2,2,2,3,1,2,3,0,2,3,3,2,0,0,3,0,2,2,1,2,2,0,1,0,2,3,0,2,0,3,1,1,3,0,1,0,1,0,3,3,2,0,1,1,1,0,1,2,1,2,2,1,0,2,2,3,0,2,2,0,3,1,2,3,3,0,1,0,2,2,3,1,1,3,3,0,0,0,0,3,2,0,1,1,0,3,1,1,0,1,3,3,2,2,3,3,3,2,3,1,0,1,2,0,0,1,1]
cost:1
reward:0
reward_amount:[0.5,0.5,0.5,0.5,0.5,0.5,0.5,0.5,0.5,0.5,0.5,0.5,0.5,0.5,0.5,0.5,0.5,0.5,0.5,0.5,0.5,0.5,0.5,0.5,0.5,0.5,0.5,0.5,0.5,0.5,0.5,0.5,0.5,0.5,0.5,0.5,0.5,0.5,0.5,0.5,0.5,0.5,0.5,0.5,0.5,0.5,0.5,0.5,0.5,0.5,0.5,0.5,0.5,0.5,0.5,0.5,0.5,0.5,0.5,0.5,0.5,0.5,0.5,0.5,0.5,0.5,0.5,0.5,0.5,0.5,0.5,0.5]
