decision:1
size:0
numberOfTrials:12
numberOfBlocks:6
numberOfInstances:36
numberOfSaccadeTrials:60
numberOfSaccadeBlocks:4
cost_digits:[958672,8,289103,6,8,537812,945283,5,1,934510,2,6,5,6,547039,8,926830,3,194876,843579,629834,174835,6,6,276315,324618,9,2,3,7,8,250789,635829,968572,806134,632781,9,780235,8,3,1,502816,895342,709483,723168,590421,9,145630,2,9,1,6,861904,841923,7,538692,8,2,8,8,659410,7,1,482601,480597,367528,3,4,350628,534986,367509,836045]
instanceRandomization:[15,10,23,1,27,17,32,9,12,11,26,29,35,3,28,22,7,5,24,16,36,19,31,2,18,33,34,13,8,20,4,30,6,14,21,25,25,35,36,7,23,26,9,1,20,10,32,8,21,30,17,19,22,27,11,29,6,18,15,28,31,33,16,12,34,4,24,14,5,13,3,2]
ITI:[5,5,7,5,6,7,6,6,7,5,7,6,6,5,6,7,7,5,6,6,7,5,7,5,6,5,7,5,6,7,6,7,7,6,5,5,7,7,6,5,7,5,7,5,6,6,5,6,7,6,7,5,7,6,6,5,5,7,5,6,6,5,6,5,7,7,7,5,5,6,6,7]
SaccadeITI:[0.859579134321151,1.07769459677705,1.18356672703133,1.40491704066129,0.787820648456303,1.36090018023582,1.26562056882152,0.78504448645593,1.1121625248886,1.30341916350493,1.03156126295992,0.790011295171765,0.660653640337599,0.6316617751106,1.47613442089253,1.15376926894144,1.02042550552481,0.601862845065383,1.26502278010206,0.74414220318043,0.74895468033695,1.36919468041354,1.07608954497458,0.605680664589939,0.743006361469937,1.1340777196999,0.762225535752562,0.63606916955517,1.25864650733614,1.03898981684664,0.968254295930577,0.552522685433117,0.856330397127507,1.19843105697849,1.13969264441015,1.30615408002244,1.30435136128993,0.635937156908524,0.558565501177994,1.09880380617299,0.908214972408799,1.44056035048173,0.569754035732088,1.20430499204279,0.979796483002913,0.836057694683162,1.01907358882794,0.933384921921728,1.20079723890716,0.780900277717349,0.605573630480406,1.05139165470221,1.47915308252753,0.620063876089019,0.604246137718049,1.22295499808,1.31812495766984,1.51732621556924,0.897441735778314,1.3029314207922]
SaccadeRandomization:[2,0,0,2,2,1,0,3,3,1,3,2,0,3,2,2,2,3,0,3,0,1,3,2,1,2,3,0,0,1,0,3,1,1,2,1,3,0,1,2,1,1,0,1,0,3,2,3,2,0,3,3,2,3,1,0,1,2,1,0,1,3,3,0,2,3,1,3,2,0,3,2,3,2,2,1,3,2,2,1,3,1,1,0,2,2,0,1,3,2,1,1,2,0,0,0,0,0,0,0,1,3,1,3,2,2,0,1,3,3,2,0,1,0,2,1,0,1,3,3,1,2,3,0,3,2,3,0,1,2,1,0,1,1,3,2,3,2,1,0,3,2,1,1,0,1,0,0,3,3,3,0,2,1,2,2,2,0,2,3,1,2,2,3,0,1,2,3,0,1,3,0,1,3,3,1,2,0,0,0,0,2,0,1,3,3,0,0,0,1,0,1,2,1,1,0,1,0,3,0,3,2,1,3,0,2,1,3,0,1,2,1,1,2,3,2,3,2,3,0,2,2,3,3,0,2,2,3,3,2,2,2,0,1,1,1,3,0,3,1]
cost:1
reward:0
reward_amount:[0.5,0.5,0.5,0.5,0.5,0.5,0.5,0.5,0.5,0.5,0.5,0.5,0.5,0.5,0.5,0.5,0.5,0.5,0.5,0.5,0.5,0.5,0.5,0.5,0.5,0.5,0.5,0.5,0.5,0.5,0.5,0.5,0.5,0.5,0.5,0.5,0.5,0.5,0.5,0.5,0.5,0.5,0.5,0.5,0.5,0.5,0.5,0.5,0.5,0.5,0.5,0.5,0.5,0.5,0.5,0.5,0.5,0.5,0.5,0.5,0.5,0.5,0.5,0.5,0.5,0.5,0.5,0.5,0.5,0.5,0.5,0.5]
