decision:1
size:0
numberOfTrials:12
numberOfBlocks:6
numberOfInstances:36
numberOfSaccadeTrials:60
numberOfSaccadeBlocks:4
cost_digits:[6,2,5,367509,480597,934510,968572,350628,8,632781,8,6,1,8,9,276315,3,7,534986,926830,3,590421,629834,723168,9,289103,659410,895342,8,8,6,8,537812,1,174835,502816,6,145630,9,6,3,6,958672,7,861904,1,709483,945283,250789,2,4,8,841923,7,8,3,367528,482601,806134,547039,5,194876,9,1,2,843579,538692,324618,635829,780235,836045,2]
instanceRandomization:[29,21,35,3,34,11,14,5,22,25,4,1,12,27,32,18,24,33,13,7,8,10,36,20,30,23,31,9,28,6,2,15,17,16,19,26,3,8,25,31,7,19,15,20,22,23,1,32,30,18,14,36,27,11,10,5,4,12,21,28,9,24,34,17,26,16,29,33,6,35,2,13]
ITI:[6,7,7,5,6,5,6,5,5,7,7,6,6,5,5,5,6,7,6,7,7,6,7,5,7,6,5,7,5,6,5,7,6,7,5,6,5,6,7,6,6,6,5,5,7,7,5,7,6,7,5,7,5,7,7,5,6,6,5,6,7,5,5,6,6,6,7,7,5,5,7,6]
SaccadeITI:[0.55369573419448,0.518802918796428,1.20532370947767,1.36035828695167,1.3242811437929,1.42413792859297,1.10735132598784,1.45393323393073,1.30921942701098,0.707625646679662,1.06013528497424,1.30818366382737,0.849188570003025,0.810509047308005,0.602692643250339,0.859928405215032,0.61200751347933,0.53665468080435,1.1068720655283,0.857070324080996,1.40563921008725,1.06567764312495,1.35916187295225,1.41560871533584,0.69520012459252,0.757302173948847,0.557361966767348,0.679350397619419,1.12021931058262,0.606429027230479,0.680780048086308,1.09298132879194,1.27638907993678,1.1709411380114,0.49969057419803,0.983339730720036,1.24052945182193,0.592626154492609,1.37008479104843,1.24052447157446,0.98590932933148,1.25322600973304,0.793835514760576,0.917020284640603,1.21908906272147,1.36339552265126,0.57272256615106,1.43536758848932,1.08723768715281,0.835673881531693,0.834384472644888,1.19083401777316,1.13839127665851,0.863836248009466,1.00666223566514,0.707830576994456,1.18399045576807,1.26176461491268,1.42693207955454,0.54408781004604]
SaccadeRandomization:[3,2,2,1,1,2,0,3,2,2,0,3,0,0,1,1,1,3,2,1,3,2,1,2,1,1,3,3,0,3,0,1,1,2,3,0,1,3,3,0,0,1,2,3,1,2,2,2,1,3,0,0,2,0,0,0,0,3,2,3,1,2,3,3,0,3,0,2,2,3,0,1,1,1,2,3,0,1,3,3,1,0,2,0,0,0,2,1,1,0,3,2,1,2,3,0,1,0,2,3,3,1,0,2,3,0,0,2,3,2,3,1,1,1,3,1,2,0,2,2,0,3,1,1,1,1,0,1,0,0,0,2,2,0,3,0,0,3,3,1,0,3,2,3,2,1,2,3,1,2,2,3,2,3,1,2,1,2,0,2,0,3,3,0,3,1,2,1,2,3,0,1,0,1,1,3,2,0,3,2,2,1,3,2,1,3,0,3,3,3,2,2,2,1,3,1,0,3,3,1,1,0,3,0,0,0,2,3,2,2,1,1,3,2,3,0,0,0,1,1,0,2,2,1,0,0,3,2,3,2,2,1,3,0,2,1,1,1,0,0]
cost:1
reward:0
reward_amount:[0.5,0.5,0.5,0.5,0.5,0.5,0.5,0.5,0.5,0.5,0.5,0.5,0.5,0.5,0.5,0.5,0.5,0.5,0.5,0.5,0.5,0.5,0.5,0.5,0.5,0.5,0.5,0.5,0.5,0.5,0.5,0.5,0.5,0.5,0.5,0.5,0.5,0.5,0.5,0.5,0.5,0.5,0.5,0.5,0.5,0.5,0.5,0.5,0.5,0.5,0.5,0.5,0.5,0.5,0.5,0.5,0.5,0.5,0.5,0.5,0.5,0.5,0.5,0.5,0.5,0.5,0.5,0.5,0.5,0.5,0.5,0.5]
