decision:1
size:0
numberOfTrials:12
numberOfBlocks:6
numberOfInstances:36
numberOfSaccadeTrials:60
numberOfSaccadeBlocks:4
cost_digits:[350628,841923,145630,7,4,8,482601,629834,659410,9,7,8,367509,926830,8,6,502816,1,9,8,2,1,836045,194876,367528,843579,709483,534986,8,895342,538692,324618,9,9,2,5,276315,590421,723168,6,958672,3,250789,780235,6,2,806134,1,5,6,547039,3,632781,1,8,3,635829,6,861904,537812,8,2,3,480597,289103,945283,8,968572,934510,6,7,174835]
instanceRandomization:[5,27,8,11,14,28,12,36,31,32,20,15,3,7,10,19,26,17,34,22,21,23,2,24,4,16,1,13,6,9,29,33,25,30,18,35,18,10,20,2,15,24,30,35,3,26,21,12,9,31,28,7,25,16,27,8,6,1,22,17,36,13,5,34,23,32,4,14,11,29,33,19]
ITI:[5,6,6,5,7,7,7,6,5,6,7,5,5,6,5,5,7,6,6,7,7,7,5,6,7,7,5,6,7,5,6,7,5,6,5,6,5,5,6,7,5,6,7,6,7,6,5,7,7,6,7,5,5,7,7,6,6,6,5,5,6,5,7,5,7,5,5,6,7,6,6,7]
SaccadeITI:[1.04341446894299,0.818804941438915,1.05450044695366,1.08208587772291,0.566349661509351,0.637737611374663,1.06993951561938,0.983308329312907,0.872131692777233,1.38292491349469,1.34598761873397,0.782679761825906,1.33878295293155,1.08987009345631,0.986044062600316,0.751167306276814,1.31440155237991,1.4537507317223,0.640703761317612,0.720869717486979,0.627050472722234,1.0366264840782,0.791520520877869,0.492457501656221,1.11594293971624,0.693892234769495,1.17629471218291,1.31608494633886,0.750379180601643,0.603431346426563,0.561989164511518,1.44543923304494,1.41853068705726,1.10902907077301,1.37737343723032,1.22694949300106,1.45691482170563,0.757264401131154,0.774768282958151,1.47555134871121,0.661780281291188,1.16999949824143,1.42416941986497,1.22734132648523,1.28107255750413,1.31837571651752,1.19186985289756,0.587145679929139,1.08768099436614,0.705334087899731,1.36843910750079,0.86811053759496,0.90552815219465,0.903439806141735,0.722467778782205,0.549892982301147,0.68637733400877,0.774954738627033,0.985034898920761,1.43803995155807]
SaccadeRandomization:[0,1,0,3,2,0,1,3,1,3,1,3,1,1,2,0,0,3,1,2,2,3,3,0,0,1,0,1,3,3,2,1,2,0,2,0,2,0,0,2,3,3,0,1,1,3,2,2,1,1,2,3,2,0,1,3,0,2,3,2,3,1,3,3,3,1,3,0,1,3,0,1,0,0,0,1,0,2,0,1,1,1,2,0,3,2,3,3,3,3,2,2,2,2,1,2,2,3,0,2,1,1,2,1,2,0,2,0,1,0,0,3,3,3,1,0,0,2,1,2,0,0,0,2,3,3,3,3,1,0,0,1,1,3,1,3,2,2,3,2,0,1,3,0,1,2,0,1,0,2,1,3,2,2,1,0,0,1,0,3,1,3,2,3,1,3,3,2,2,1,0,2,2,3,1,2,2,1,0,0,1,1,2,1,2,2,0,0,2,3,3,2,2,0,3,2,0,1,1,1,2,1,3,3,3,3,2,0,1,0,3,2,3,0,0,2,3,1,0,0,0,3,3,0,3,0,3,1,1,2,2,2,1,1,1,0,3,1,0,2]
cost:1
reward:0
reward_amount:[0.5,0.5,0.5,0.5,0.5,0.5,0.5,0.5,0.5,0.5,0.5,0.5,0.5,0.5,0.5,0.5,0.5,0.5,0.5,0.5,0.5,0.5,0.5,0.5,0.5,0.5,0.5,0.5,0.5,0.5,0.5,0.5,0.5,0.5,0.5,0.5,0.5,0.5,0.5,0.5,0.5,0.5,0.5,0.5,0.5,0.5,0.5,0.5,0.5,0.5,0.5,0.5,0.5,0.5,0.5,0.5,0.5,0.5,0.5,0.5,0.5,0.5,0.5,0.5,0.5,0.5,0.5,0.5,0.5,0.5,0.5,0.5]
